0,Quinquempoix,50.59888814078385,2.957970670076617,81.81605420948858
1,Pommier-de-Beaurepaire,50.59950765645479,2.9634271574880984,307.53778105688707
2,Saint-Aubin-de-Locquenay,50.599528935041235,2.957630614407331,180.9978298441836
3,Sainte-Marie-Lapanouze,50.598860583715656,2.9580918997670573,112.68789545391286
4,Lion-d'Angers,50.597314803066645,2.9479509124460295,241.49558276587305
5,Lochwiller,50.59645767537305,2.9630221001957775,169.7888534435
6,Saint-Sylvestre-sur-Lot,50.600306247027234,2.961106356497906,261.8060712433025
7,Saint-Léger-sur-Dheune,50.594594604155084,2.951235678168811,90.58755553139385
8,Condes,50.601258555904295,2.9465467224336725,96.95311529696222
9,Montpellier-de-Médillan,50.59408374101744,2.952169696890475,315.72325137286646
10,Corcelles,50.59313125503828,2.956619156629204,84.64485502687933
11,Publy,50.599423129777136,2.9569411184239938,227.55510798093917
12,Brû,50.59545700195684,2.9536313281708315,102.57048568689603
13,Illange,50.60330967219392,2.958387973661026,69.05949652340146
14,Orcières,50.597667682145854,2.9479410267635053,256.14608333466555
15,Champmillon,50.602379398131156,2.953144453379124,255.2024535261636
16,Gondeville,50.60375596892874,2.957633280762931,393.13498556930443
17,Neuville-en-Beine,50.59576604315188,2.963771734594101,21.779493083742423
18,Varengeville-sur-Mer,50.59783075489121,2.9597931798363617,167.83042691232066
19,Wickerschwihr,50.597435678065786,2.9466348142314924,67.41452148579737
20,Dasle,50.603333312436845,2.9555086969779616,183.36645391480485
21,Lemps,50.59825811793879,2.9571373111910604,227.105512340737
22,Pont-Sainte-Marie,50.59804474391246,2.9522149443845573,36.26708372825347
23,Lempzours,50.60117080843711,2.958127159728654,49.83088368968576
24,Clinchamps-sur-Orne,50.60014715722734,2.957613860106011,257.6742924081386
25,Haye-Saint-Sylvestre,50.59973782520594,2.951784088066752,242.35631891659142
26,Chapelle-de-Surieu,50.59462782581746,2.9504875479004977,383.4407429766084
27,Dorengt,50.59970711751174,2.955329584975852,58.3485139326709
28,Coin-lès-Cuvry,50.59539020813059,2.9590785921739435,167.98825406146267
29,Cazals-des-Baylès,50.603044827377595,2.960800101699577,231.23131870743038
30,Levroux,50.59396921837264,2.960066702347499,322.8883344649246
31,Crouy-en-Thelle,50.59757594706409,2.9596385003575754,240.40884678767242
32,Lopigna,50.59253377451314,2.9524290393325923,99.58887914847185
33,Lannebert,50.60076974849623,2.9556748781143254,64.23428506086098
34,Caro,50.59948051504674,2.956185877319891,82.47992283500953
35,Écuelles,50.60116029897498,2.9559115063035644,82.16013346382734
36,Aiglun,50.597325865879206,2.946193681890487,212.40334641936013
37,Moulineaux,50.597018634386586,2.9556806774997293,100.13117102158151
38,Saint-Julien,50.594085017040705,2.9602145039441283,105.30013351659065
39,Lécaude,50.601637734142,2.951079403881424,155.458602668094
40,Villars,50.59957799647823,2.959973685020377,85.46655184743781
41,Aresches,50.59562298085219,2.951490988347914,370.79781777266834
42,Monneville,50.60412567512947,2.9571618196651426,111.17892422409787
43,Penne-sur-l'Ouvèze,50.59449257260628,2.9620447605306754,52.63584328139859
44,Villers-les-Pots,50.59726101491768,2.945553428703192,227.94541478610194
45,Jaunac,50.597762379751025,2.955989793480322,166.1379866510242
46,Gondenans-Montby,50.59593994419111,2.9508361566928123,238.16738318494765
47,Brasles,50.59995922578257,2.96244686903313,348.410265264826
48,Venas,50.60338956180577,2.9496104283054114,244.58315290673238
49,Cadillac,50.59577648472419,2.951167743108076,189.0659122602831
50,Mée-sur-Seine,50.59902998292582,2.956231071796499,84.5110514432447
51,Brandivy,50.595547416908154,2.946895839716048,16.278002000876953
52,Granges-le-Roi,50.600575131572114,2.9624683418082274,186.18925902263624
53,Boulvé,50.595184102604485,2.960460368034479,152.02676190490266
54,Pléboulle,50.592673789431856,2.9532540138162364,348.93001836439623
55,Saint-Maurice-le-Vieil,50.59411869117686,2.948263926351322,29.07593891531009
56,Mayres,50.596110296574906,2.947871385274805,119.81893954358637
57,Bourg-Saint-Andéol,50.597290996920066,2.9464826756109366,177.42267578390684
58,Ancy-le-Libre,50.59787717312625,2.9604511315349846,78.62109321885865
59,Trocy-en-Multien,50.59774450297571,2.9552363552283594,79.27621675877026
60,Saint-Sauveur,50.596434394461795,2.951301661963847,268.0470018363257
61,Pont-de-Ruan,50.592309581026704,2.9568670500911702,214.82709085727006
62,Obies,50.595011974458984,2.9559317786203283,196.59486759747
63,Pralong,50.60067736482967,2.9533955627731308,121.59375254031568
64,Saint-Aubin-sur-Quillebeuf,50.60373018632748,2.9535632776409226,169.8573695827866
65,Magoar,50.60066843959473,2.9511064874218866,332.1119933050887
66,Moulédous,50.59666764965823,2.95812096893916,349.6030223511535
67,Saint-Léger,50.59862403410814,2.950545809874039,301.60644041164244
68,Colombier,50.604177492400744,2.9571360498714965,192.3254493714242
69,Malicorne,50.60058710829618,2.956563244221363,259.48718002882913
70,Landrichamps,50.59725233015956,2.95442170114142,216.62899389295436
71,Saint-Sébastien,50.59331411733224,2.951330963121816,248.1289607930347
72,Maisonnais,50.60355331699128,2.95508700293357,147.1619171115515
73,Voisins-le-Bretonneux,50.59701813332053,2.952306457434592,92.65401160015472
74,Monceaux-le-Comte,50.59613251017653,2.9639753411828282,151.54169161960723
75,Armes,50.59412048586955,2.9558382447695655,125.44131856231306
76,Échevannes,50.599455540675656,2.949903988794746,188.70317335855282
77,Labastide,50.595383077033496,2.9578545780933765,262.1932457635739
78,Ramecourt,50.598727996527245,2.9506938970096566,263.1436807098562
79,Chevannes,50.59823094886972,2.9521554212878285,354.1236871730714
80,Manheulles,50.59662320720984,2.959210337209593,429.38254558728204
81,Lambesc,50.601084533579666,2.9533469486368475,136.977852294904
82,Halling-lès-Boulay,50.59782705438475,2.9492065572190054,65.57936402017022
83,Saint-Julien-Vocance,50.600491182326614,2.9514283988915353,296.485490923892
84,Saint-Benoît-d'Hébertot,50.60022194369042,2.9500485385645887,245.21154173236988
85,Finestret,50.602377745315856,2.9564356580417495,526.8081265541443
86,Pacy-sur-Eure,50.6011613807394,2.960606858362632,191.27940781451704
87,Asnières-sous-Bois,50.597640058041364,2.9550525112474904,167.89476619976102
88,Ham,50.59779614073185,2.9520710195853415,219.2346005390369
89,Montaut-les-Créneaux,50.598224735709756,2.952038417944246,239.95234582380408
90,Saint-Germain-de-Lusignan,50.60241456553287,2.9488234460120175,50.59233078650472
91,Chenereilles,50.59509193304466,2.9513807167703283,80.75259427567642
92,Chenecey-Buillon,50.598634696676136,2.957760652086355,121.49859176660573
93,Remaugies,50.60065792422363,2.94809277075588,153.45044257118715
94,Lespouey,50.59840833061142,2.962350727908314,118.42844254060506
95,Saint-Glen,50.59864983873273,2.9617745091997585,145.3420843842458
96,Villainville,50.59952462503349,2.955651522098248,180.82216847053687
97,Montboucher-sur-Jabron,50.60082863253788,2.9507863671901005,-5.539535681498187
98,Chambon-sur-Lac,50.602083175947676,2.9493876591753163,246.88698319783123
99,Perrusse,50.59930379415302,2.9604933284912245,70.31268478560769
