0,eric,46.4200284635197,151.62449167653816,227.35622650790754
1,denise,47.53302950918857,3.3983201678941186,244.58373201804568
2,claudine,48.67609796675225,-6.188393246217326,120.8361445746952
3,caesar,28.14661878238451,19.766395587042545,33.54640993021371
4,marianus,50.58626581699336,-10.592720217950838,290.8624140754834
5,ephraim,51.93681116446852,101.29612694271864,177.1254454993802
6,uranus,36.58639265250758,-9.746167319983355,337.27064551902475
7,florentina,55.40266339482768,-31.989895843316553,238.75192471534996
8,livia,59.600192103122225,-4.079485987304553,234.35628557003406
9,gilad,48.33779128391467,-17.387125762567543,146.91307979076117
10,akakios,-32.32588222855175,153.79488628412707,223.05443719895976
11,timo,52.04083666301429,29.97985746021813,141.64970963961773
12,uriel,43.51169450559481,20.37553620560422,242.52447064752607
13,azarel,59.585020889282504,-5.593064319004711,137.28130713987053
14,léon,54.74406704334489,-13.498835156346628,88.56519292604713
15,jolie,62.45095393522943,19.24877000499632,54.88103080787704
16,apollonios,43.63913969318879,9.6748337315211,152.26633584616695
17,klio,30.762250429176632,21.25432065651914,38.83573939343445
18,émile,57.27889769466073,50.45538587530815,124.53191936120007
19,thibault,46.910866769083384,-7.8981478479675244,271.06694921425435
20,joel,-5.7242464578373395,169.12862549016643,324.316659005363
21,crescentia,9.368387838311646,-6.501019532262784,115.41524951690761
22,yanick,38.14375480355622,10.966205829717799,290.43586785886407
23,theodosia,53.76825280870913,25.733780595662434,75.90707606557162
24,sara,34.408961770869084,-10.68955868914295,224.39881795584043
25,ninette,-38.20401843052365,124.5434924769158,49.17768651178072
26,adonijah,45.813674482849514,8.651375991469923,296.9944617754967
27,adrien,40.20147148896799,20.14143941278733,151.66592480345386
28,vita,43.762345595713896,26.84478056780199,96.89502344326459
29,perrine,55.69970719157693,-4.336441293976388,126.13095271736194
30,carpus,-32.257610760365786,222.6108063995705,140.69466295519018
31,phaedrus,57.65132920194799,-8.058228271232714,4.040272455093032
32,édouard,60.833092654024334,21.653731483165362,50.194692125638454
33,céline,48.789851859968074,26.76343499122539,153.21763498996313
34,caleb,50.492868872990186,3.167709015414017,65.87068320039954
35,maximus,-13.97750865108547,86.68946735248696,190.98203821741498
36,eugénie,45.28953480075313,1.6523524415432889,318.499819680745
37,raphaël,58.404508022476186,-0.7119758344296443,222.37974656778138
38,philippine,47.72220161184175,34.35707800561671,410.6847639900386
39,laban,52.91355114374042,13.026489151739188,47.15992449330305
40,amenhotep,-17.78021112421066,325.08331915582914,136.02955885325147
41,irénée,51.47305195994822,-4.016036853011819,154.2749787459909
42,abishai,41.273883486171435,-31.440541551659962,70.93088277305687
43,erastus,48.9898122822179,27.009684783148636,257.91444303440596
44,gwenaelle,51.134619371215365,7.543512428452199,221.12269874976045
45,hero,26.6024079833664,172.65682754677184,324.6645893804667
46,agaue,54.757811816663775,4.448358710463449,49.13245428936304
47,phyllis,53.758710643369,14.351522788992959,311.14990394982016
48,colette,51.63295572764562,-4.315961579454718,231.59262919091543
49,carmi,38.54567452299182,42.85121882186422,53.795348422759076
50,iacchus,2.017590156217178,110.14330409342578,106.2918050737319
51,nicodème,61.28998591241494,-1.1529885366964026,45.2258204720803
52,bethel,62.166764360965075,-17.265070473973605,253.90454355615162
53,loic,45.43075227694578,-10.282250791667478,133.76916109397334
54,philip,35.02791716703172,-22.964981896830924,76.16222488053984
55,myriam,51.20293816365761,231.24354724538256,161.39708920770678
56,selena,56.72954221862102,42.16695959314412,177.38711400946048
57,hazael,46.436887670245866,-33.168838016548946,50.88426462300225
58,hilaire,40.15444654899971,9.621230130406166,301.09304030343526
59,kyriake,53.98227639747122,-55.661246777400045,103.55884882525945
60,nikomedes,41.26824283111305,358.6619527207187,231.30717605414617
61,fifi,40.25283399909001,31.386779789803423,200.65275532432827
62,melitta,45.517763979793834,23.57917575868743,-16.20758973359242
63,gennadius,47.09529660509011,44.48491591224789,26.391164612812382
64,nekoda,54.60047858350787,1.9092880139879698,274.40667239557746
65,teman,12.82892993055196,214.48897630502915,230.25780259316707
66,fotis,41.17369151898706,-22.642020702809955,71.63045970065932
67,gnaeus,12.628815456262442,6.361313718341417,237.9249236814057
68,aristides,62.00196750168325,1.5384738157259414,239.54833165160386
69,aglaia,56.47582630922234,24.561989452182463,171.27111149816486
70,hebe,24.308932231534328,240.77067676829398,188.05382527536833
71,lothaire,41.673185893160316,25.255833659740695,4.817692574702654
72,mordecai,51.5054720935019,24.778160266296254,185.37750288111403
73,issachar,39.16382366228924,48.67663678879787,325.2287532180402
74,juliana,36.66170717376968,33.88114767679205,-0.14364047516488654
75,ioannis,1.7343214061775887,286.2587259238551,12.380693145134238
76,eutropius,48.99021298852754,-25.371216073810036,268.87556422578444
77,dan,20.914348984440398,-0.25431463280356076,104.58112960157644
78,polycarp,42.97545834631632,27.194305769531912,236.12728623517768
79,apolline,47.62019361988455,-28.204364052693272,329.2249494657909
80,herodotus,-53.87049544951112,85.43093206262779,335.3815177501182
81,sherah,47.324942460916695,-60.70142036841015,141.62487027246897
82,florianne,40.09068086426545,-6.646037762467934,66.20950947127744
83,isocrates,23.397181023048436,49.554697765257224,21.078386528636102
84,philadelphia,47.99294857669987,15.48700073920999,122.9170481666302
85,damaris,-42.92292461601157,248.87628684331412,175.0743971338838
86,clitus,60.56537182541731,-27.135189234600613,53.05633316821107
87,philomela,52.87825182228395,4.257245126069261,350.81112514191756
88,lydie,45.63637077564259,22.499721989731103,102.17543123845442
89,odile,62.720049216874536,47.4240128303833,142.232176724692
90,gus,8.960970395720565,103.13462974025309,56.97258071879172
91,priam,40.67630027607881,-24.82998144461817,134.4586791096004
92,tirzah,38.49427968500755,14.121261686018482,151.3725331435305
93,esther,51.95110587435539,54.89147156640619,64.60020401014376
94,gregorios,40.70377847166262,19.859394182627177,93.42738807867993
95,esaias,6.59028396017564,306.6549658686426,23.96767469784165
96,urania,39.18135009820073,30.75662590216498,243.4140405105329
97,agathe,38.08211294485324,1.6389044905760228,199.0539168267911
98,ham,61.388567913374146,22.198483722013876,334.5352564689119
99,matthieu,38.8699824833517,7.570904884836622,157.05201694191967
100,dorotheos,24.465422137428725,132.15498440464702,107.23074319356797
101,abidan,49.35221371974281,-14.845908321707148,51.633218940390236
102,lucie,31.64522573858743,-13.957649909920068,369.5238571285507
103,elpida,56.097591611787834,35.92861333806433,3.1303604490539456
104,theophylaktos,35.64967816682267,6.68718280705091,159.07494860857045
105,abner,-8.335033813184243,146.0285204564912,277.05864998439046
106,sylviane,50.437507879136575,6.226508694124206,82.19199796377883
107,noé,30.933519282728888,-20.57511702413677,426.4998291608524
108,meshach,43.56503102660444,41.93149276920942,148.92229262966356
109,lysandra,57.28284084687552,-17.724446484109773,182.07948100073372
110,rhoda,11.815273136815962,56.792028210995454,107.39549782586352
111,telesphore,47.7276157117743,9.981461878918186,147.3303785483791
112,natalie,48.54101700136318,-6.682334208613914,393.0120809822645
113,yvonne,43.00324497324049,6.646693346993347,153.2846272773353
114,madeline,21.17837336251008,-26.359335707064485,155.5726739073999
115,esmé,-31.459811951347522,26.103284029147623,-12.057076668360946
116,bithiah,49.82352123077904,-37.436929651814616,374.9011440696331
117,françoise,42.287859969200255,-17.144836738967953,42.161984067537205
118,tacitus,57.15395996175032,-10.80264639039031,132.84707629629182
119,apollonia,47.45853390873517,22.37949048619674,232.00980076873833
120,victorine,57.72839422356921,176.44496754343814,63.27151796321873
121,saturninus,58.677207840105645,-10.623610119123986,130.16865329564328
122,urbana,58.52241127843697,14.184215092750275,97.77491056178793
123,iris,53.536001084656625,27.679599927093474,282.7186857281116
124,rochelle,59.73430871056213,53.03680449828248,232.84741502585717
125,nyx,-45.45475693786616,25.805677555080553,67.55270294298981
126,yannic,26.21221613366542,50.363287048904986,289.556022476146
127,daniel,47.10187188247789,-40.145508302637154,212.74990924608994
128,helios,50.816687058462634,-32.400041397602415,186.42851689374484
129,athanasia,36.08858001263272,-6.68544659134557,331.8541885618693
130,marianne,6.750979720984045,60.85390101121862,365.48580990525375
131,laelia,46.84012160359528,8.585969323383523,367.4455222341208
132,lavrentios,56.96691532685113,-17.752939303952974,1.1018602926471317
133,euphranor,29.244646567436735,-1.4424681065468261,3.8944901914263284
134,hosea,26.13428737751218,5.1537422264808335,151.35773741879143
135,zacharias,17.638727166899045,351.56801826670886,175.33574700080374
136,vasilios,56.30549081139917,-15.582245265595827,244.87245375088793
137,cyriacus,53.692628133053525,30.457902236852867,239.82814292429043
138,marius,35.45038025032135,-33.49755426029685,224.67971627392498
139,hubert,49.0371418816,22.575387090534285,91.30615407931134
140,evaristus,-46.41248661709563,211.24352102076924,162.17636029783887
141,abisai,46.727064547720296,16.671594355992717,137.36949869773028
142,roxane,57.98327638536871,9.205837149308865,238.55355332851343
143,eléonore,48.59245045008091,-11.125646079615624,215.63193201522435
144,amarante,18.454853868602264,38.18723210863196,178.37306565413644
145,noella,-26.138755570843827,1.0304231172983913,148.15317571822052
146,zephaniah,38.65241483387295,8.258110145540353,361.49192960362933
147,achan,21.759153515449736,8.975308775228472,89.29697431911059
148,clytemnestra,27.477202074249664,29.10926209277826,90.63329378682161
149,louis,41.649964981203745,-6.196638477350125,122.85343204949447
150,timothea,58.20487786236841,240.78873407045825,202.35356909924118
151,evette,28.010193611385187,-13.598375106861555,130.65851517446916
152,björn,53.92099909474905,17.53711848875554,372.0963153095768
153,basemath,50.841290413499074,2.5178490998269902,9.708204474509799
154,habakkuk,48.69498028637424,-15.157770808043718,310.4548680922563
155,harmonia,-16.81532970759823,13.217445403608053,133.52356364466237
156,marine,47.36973888064548,-17.320345520680394,13.874455467360285
157,aeschylus,38.49843073162491,-2.153637242440959,200.95385993603722
158,antonia,51.37467490799498,1.8415762757648897,40.88511712889782
159,zoticus,34.21152348219641,-1.9804434245642804,88.28484184978439
160,gwrtheyrn,-17.55551981548385,148.52448596588806,95.98169370541497
161,ianthe,58.3881676631037,-0.626613179039533,278.8214613600301
162,narcissus,53.13338603831034,0.20364123516884713,38.98757567852755
163,stamatia,40.58633580058662,8.919204509762116,7.887966359908376
164,straton,46.4728463592935,-29.511262057829683,117.25546895625303
165,patrick,34.432417008927324,286.2107716433419,173.28020599547153
166,judas,33.14408296975316,13.663163114316365,129.2263678283641
167,alphonsine,36.934677441414074,-11.595535238385825,85.43445086255923
168,anastasios,37.913145081874134,14.712714090734044,133.5382100473098
169,nephele,24.85374102739784,50.6980466274461,128.59166928025977
170,laurentine,-32.44811032369151,17.696083189181085,186.98052499531525
171,varius,38.213428551138854,-3.035408996578261,102.67224511134143
172,pallas,37.61268762154063,-3.093401617832618,146.90378373608775
173,cleon,20.99655857683191,6.13943733949616,48.51893032312468
174,medusa,30.187026706150352,37.478464619304546,138.0608874331886
175,zeus,39.10891406369478,90.71912067071969,281.0905652160934
176,vitus,46.913921049066374,-0.19247828018220187,298.13320885760953
177,stylianos,36.85899135069682,30.833677706616225,17.561789835201353
178,shadrach,38.019082691706785,10.3236428881563,51.275838157911366
179,melissa,51.8296184147186,26.39912291113808,80.07592064490576
180,þórdís,40.303851401354954,67.82873108626332,137.0155115984985
181,gilles,32.70583173259863,-6.589997572716716,301.6469757696636
182,jethro,22.570257775552154,17.955409977598027,175.63742701677126
183,fernand,13.969984331287712,25.55381407056402,232.12233859570568
184,jubal,46.39956065162912,-0.65598100277031,192.47701122219902
185,abel,-20.973168658842727,50.701612280797804,121.2288008362269
186,ezra,17.874597528434975,-6.243277773759363,256.5580372702888
187,eros,40.59758033514598,-16.630547601531116,270.7786593084643
188,alice,47.584295871913966,-4.307792835828279,454.05495845303034
189,bacchus,54.17555271792014,-15.29686836638145,232.4415403069405
190,secundus,57.57082063704437,170.7591694144986,69.03355213401115
191,anaïs,52.22194323462331,-16.01686073978157,186.66675124313613
192,rené,55.06493873823663,39.11400603445833,75.24949941402684
193,christophe,43.94734243563094,-32.42593865561986,3.6740586695862376
194,zoé,38.47074217627513,-30.313318539058283,75.21376107226943
195,androcles,44.59015490200042,166.44367417550936,155.8367229992656
196,adrienne,43.809879913299675,-0.5125424883115214,283.2386224655138
197,sylvain,17.789331970879026,8.47976975937576,34.65596082128515
198,theirn,20.261116435065684,-24.015410390163503,57.491533633872834
199,clovis,48.21557886385319,2.8550319701472118,149.23227252081455
200,gervais,22.021814143323,176.6651792109078,217.35719658509927
201,ashtoreth,41.374011497618035,30.33381328005327,125.93421568822669
202,methodius,52.57024272617045,20.71748548968269,57.50857892454236
203,amaury,57.52399663965542,41.162318085324195,114.72970704448082
204,theocritus,37.18952399673137,35.44855227051122,249.6646306623441
205,zoë,-57.85838604543381,334.8570854587061,116.40621204806524
206,armand,54.24596239675507,26.03128120527838,401.74275933024614
207,boaz,39.226901963058104,-9.845569158530381,190.66588644901222
208,sophronius,48.63527450526227,26.891673759302247,387.77674152198944
209,rachel,50.910364078052844,11.849138203925643,103.51635488520293
210,astraea,-2.4065679364499837,318.80037911748235,180.41219561740135
211,shem,25.714881786173958,-20.276732477773322,324.9233444494753
212,dionysodoros,48.37759415464283,19.64606321607399,135.22476170219863
213,héloïse,56.18385578003227,31.293132096947307,2.994129233712833
214,alexis,58.516553334289156,42.288239989111034,236.41733253047738
215,diodotus,58.856885178362404,115.88580291930352,200.11298052428367
216,demon,53.38262836075031,10.818674079335235,103.88206381172569
217,miriam,36.27554997178638,24.13696655691674,218.2052506484008
218,tryphon,32.81597941752722,-5.200182368872375,123.55105880640198
219,dionysius,14.804992512589926,29.344736814518356,153.43259145212554
220,enos,28.40395175990061,32.22026179900972,91.44721107917253
221,lambert,51.359484661468265,-39.875335089021654,213.46247883057126
222,constantin,41.17703634129701,11.287288749986955,2.9427456814339195
223,pascal,41.55376096466779,44.849342635961605,221.3971497638936
224,phoebe,39.370003251114056,14.283453277741497,78.81142793361616
225,anastasius,12.522944264313235,46.91173709015048,166.51738787016032
226,cosette,56.477952830547146,2.8822195296238484,86.88824848632508
227,eleftheria,42.13503346404196,19.653807130058876,204.31732920643432
228,tabitha,27.179611790031977,8.00103999136449,246.67212541812967
229,pontius,41.23727980858375,1.9989435554202604,300.5518424990393
230,emmanouil,-46.663211524620486,60.764325795266124,167.76176385755068
231,orianne,31.627777336859957,15.273125420316873,190.24742927869764
232,camilla,50.775086978488204,-9.99827451567769,210.2783327490134
233,diane,55.29804102843177,-18.959866862827994,481.78313304883585
234,reuben,42.29455277411065,1.1790889723719093,75.94441987872297
235,mirabelle,29.708266721533757,44.35102748701468,80.59337245718189
236,quentin,57.220087929309784,-14.18176605660425,152.89248985138255
237,dionysos,44.655329152568015,-4.060255357939769,201.03278172156857
238,margot,53.587856051534416,3.4074881540995103,118.08924288603512
239,mélanie,34.56437692964994,-1.84127492611311,78.77348663578017
240,simeon,-1.7945582719392525,14.391453340261283,344.1416461148604
241,draco,41.81223785571679,-10.345898220731062,174.37919916296602
242,julius,34.76934800445902,0.3737187920268122,152.52280143169685
243,cephalus,31.309489984101354,-30.618635187104907,199.90089584614032
244,democritus,35.04101333763285,15.068431328995745,287.2057953226959
245,lisette,-8.176894192797267,249.19724491322881,205.84928677739754
246,anthea,27.70919025260948,-20.84366075593871,262.7235912948773
247,ehud,36.72938145303789,36.85159327172439,105.88422965568995
248,christelle,37.40773791073466,55.73908682606149,113.46666671602611
249,herakleides,60.16257888638867,16.055867545499186,57.67722792229482
250,hyacinthe,17.094180876957964,302.39656875327347,205.51713755106624
251,michelle,23.660175767504835,15.150588011194747,156.39547303239164
252,sextus,48.688934925182664,-25.041991773963254,54.061938560864206
253,tiras,36.20952884758496,11.690897300816781,409.0726185023176
254,anne,22.52362257522897,7.749387654593083,93.05020278973828
255,charles,36.98080716634392,259.69639115002514,104.93679294592914
256,toinette,60.36984584182865,-19.588233863081005,379.21170178281363
257,césar,41.31719389342698,-39.61425154380515,205.9858873133013
258,damon,35.58269184531743,55.343354633416624,179.42488081193483
259,orion,59.32130502667147,20.703182283081805,245.6944813135836
260,asher,54.287802570924875,0.0021292124260519074,80.05519494767522
261,zephyrine,17.138258995852922,1.8651340735133122,183.48906617957968
262,othniel,26.64569418803344,9.69153122518595,76.66876060267177
263,pénélope,46.25119246782276,-4.603783404837733,146.07210611636327
264,leto,55.36798890740903,-10.543873037048249,127.81223624824136
265,hilaria,-35.832570498460726,48.3180341939748,149.36146891888168
266,elisheba,53.37647442876539,-21.47808043081967,110.67234837194493
267,thelonius,38.275441234675874,-18.058588669502573,50.385160966210634
268,hagar,56.971333012944314,11.84021646220639,87.13019090441847
269,fabiola,49.89537935536629,1.043960662168784,65.39690431514467
270,jephtha,-1.0050098343394533,50.22629938309586,156.26321391186957
271,leonidas,37.84815978652448,-32.603312093784304,33.21626111942869
272,abital,49.793523608572414,8.560260449171862,210.38862811002363
273,mahli,45.569746409469104,-21.761947165752378,348.7705540680779
274,horsa,36.65215296146069,10.281276154891948,41.746904416580534
275,lunete,-0.6448212225224016,102.68784417494581,107.48716157067079
276,faustine,21.081976473010528,7.721496026097128,156.76524205383924
277,ananias,53.56639284401232,-1.828300539632483,136.8114465777782
278,corinne,44.981332525608366,0.9282913177920966,199.33944332958976
279,jude,45.439869220863805,-22.21103713421813,259.42228422500966
280,fortunata,14.14011204362229,77.13895732801726,95.65631659471154
281,adalia,42.517035941422385,-10.028148396379011,130.69233046180426
282,jamin,24.958845631268268,-8.527609712203152,235.7438736587472
283,lucia,47.61105896659119,18.631881801338302,177.70309327271087
284,frédérique,55.501905643671854,-1.3350422544290637,339.69622174622873
285,agamemnon,58.15603600934019,207.16315487936487,112.41259425867534
286,epaphroditos,47.93930049042324,14.130584627088624,52.201288509614656
287,aurélie,36.39064667763991,6.355626376118752,121.3922339949564
288,hezekiah,42.856481051970874,21.357758754988655,138.54141394325268
289,damien,58.20383258008873,-11.81901423750064,88.81333335092023
290,rhea,47.51433454445306,56.52720072087602,409.12149211283617
291,gaius,53.61572507023759,-43.25108897148431,272.5249908253229
292,léontine,35.53025909626255,-14.435278145025022,356.90975516656357
293,phaedra,47.13393759732678,-17.682536249789745,120.75478212150074
294,hiram,44.374723072361775,25.220092271975126,-13.431161443379054
295,christine,-23.905993231408836,337.16287527173444,283.7112491236332
296,linus,35.873755737360696,11.154241061644818,196.53002718085085
297,jehu,42.591105296840915,0.20240760484614873,404.9000049173172
298,marcus,61.25577082192914,59.05214847923507,211.95223739359605
299,haggai,37.255160899390646,33.8424290700941,229.7712484963272
300,hippolyte,-12.36477826240974,128.96867171470177,217.70822750805794
301,sylvestre,40.04027941788996,4.0823088347476615,125.47522484135945
302,emeline,34.81428309123624,-5.349792937308284,132.43537476137413
303,tamar,10.78684063632112,9.596800522798594,179.88745991970296
304,rosette,43.27862766329861,-27.049335330030882,188.64243302437757
305,shiphrah,-9.029153940469847,27.48627463370083,128.43662796315496
306,dorothée,38.9111848185402,5.166129912188243,319.60904324604735
307,herodion,52.21876657033117,-1.564770417664396,317.951966918569
308,gisèle,44.22341506088855,-2.2413624951421673,160.83301774706578
309,linos,51.45624951394107,22.57762776122902,36.33329312172165
310,clément,-43.92219589620272,206.28322263398482,122.936452638889
311,demi,44.843726134405614,-32.70212126492267,125.67832963509892
312,artemisios,61.931426068909595,30.642617552084136,66.26784659369896
313,micaiah,60.044840035743235,36.32567138556334,312.63177503313
314,toussaint,26.674220911882333,31.799490777467,119.96528297398578
315,pamphilos,26.589404626658123,134.2889893888599,149.23703245614135
316,eudoxia,50.582219372048044,13.884850478078354,222.19797323854291
317,cephas,62.10466391946571,1.8842701340788512,307.1223526031439
318,aline,55.677738302034115,-8.34874505040346,69.14686486461673
319,joceline,36.05565337845923,-20.530119148562292,98.18296819009879
320,victorius,-36.47903488975683,131.0115223494993,84.33470400864472
321,maurice,52.91704900226929,50.346285591226966,63.1101762535114
322,euripides,46.737420220665285,13.17791060397563,47.537388833102696
323,jahzeel,41.657432112030975,23.114911480525038,10.718589051259492
324,odilon,50.27655576052735,14.843669920351482,262.7262437633963
325,primitiva,57.7305140822239,280.61085633352997,418.2372441338388
326,henriette,39.64913191923136,-28.53471752848802,62.3408970094285
327,claudia,49.32756423711053,-19.04007928017386,159.58962002046638
328,miltiades,40.587742936914495,1.6702173193623362,136.153280933625
329,angelique,38.81752282597787,26.772363064218343,54.645075816963
330,arnaud,-4.216588646345309,202.86555544397118,108.09588507374312
331,cunégonde,52.16471782340851,25.813489400265276,50.241376469034435
332,icarus,43.94561831024752,23.948393796197813,261.577294764678
333,polyhymnia,24.841878191356475,44.87212708722938,219.21611335216184
334,aurelien,44.80791084466355,23.16354319502754,11.630702029289125
335,thomas,48.97653715950957,25.948598356634605,119.37551144981023
336,blanche,33.486200297156834,-29.293095083968637,127.99680373389765
337,berthe,62.88509829966986,16.880688444957606,134.2917894521017
338,huldah,29.357768864345832,-0.41087095331341006,142.2051993053358
339,vienne,43.654427015963435,-26.975464553352044,320.4266858098706
340,naamah,12.85676643848097,236.34165895613637,118.52238409408756
341,gilbert,40.057568196526155,-7.242177224449647,177.33832055825258
342,erebus,41.74799359790692,8.416073794856395,233.40337031522074
343,stelios,62.63888510956216,25.19846077661759,280.9552768680833
344,shamgar,42.82901322078045,0.45814748415695744,128.20698136195304
345,uzziah,-43.83025723965505,36.6003788665463,109.39930370533406
346,geneviève,51.2986581334327,7.079706254740827,369.8032621943437
347,achilles,54.67908908514132,10.767041266889779,348.72466555086464
348,stephanos,53.249834252335894,15.18814914965981,321.43138948009545
349,demostrate,26.807514186824463,30.13148955282243,78.7142532500454
350,evander,-9.706396825454641,225.57711536593902,265.2244919636421
351,gilberte,50.79091139831358,-43.02068288681543,142.73188117812518
352,asklepiades,48.42362775205509,25.620749800301418,105.63473137151064
353,morpheus,61.71172242134517,6.022310375077909,22.00092671788982
354,madeleine,48.048456824369815,7.560537159289887,291.82263907888216
355,régis,-17.173817018372365,25.809643659060384,168.05276157259817
356,athenias,41.452538539341134,-7.113154284606051,125.6661619240499
357,spyridon,53.152993130276705,13.132152074937311,227.23614338517785
358,asaph,43.01724972598626,34.62972497451214,62.265031980825924
359,alphaeus,47.29807489116422,41.391872602336285,36.85952506055753
360,ismene,-20.37055275346758,282.32932063590965,55.73285333458213
361,beulah,29.12935055135327,-27.49785375316833,230.86984494965702
362,achille,39.06185723276688,6.669314422213064,29.78430795437587
363,þórstein,54.527953982988286,-0.44309274966944573,77.5322335993585
364,diogenes,50.738860036209026,32.27025083291659,101.51165979952344
365,mehitabel,-25.44744566784892,357.30871457325946,175.83310612872174
366,élise,21.294901978331932,-0.28168319197387487,108.97085039840223
367,delaiah,51.22864705977111,1.0823257151899237,5.6370390889340385
368,adonis,42.383942103100274,-29.651010554914873,164.26279356336954
369,epiktetos,31.01141179200006,-4.880862631807341,191.16327079367326
370,daedalus,-60.62555221746425,122.19787974895813,200.96242245218832
371,crescentius,50.2484461130304,-26.578660543102835,343.92150843454334
372,valentin,29.233780262161144,-6.403570803843215,156.0190876192382
373,narcisse,43.63743470815988,-27.30763433389284,212.81243288595527
374,chloé,35.7560795918412,0.014574247919753194,366.8213182777253
375,silvia,-45.13871042949021,131.1297319130348,108.21725865060321
376,lysistrata,49.609402789194924,2.1281231747812024,506.33895187093003
377,aurore,45.088073211122214,-5.53134309147777,342.0285892349379
378,luce,26.50448962714733,12.513648680276203,131.00523465619867
379,jeannot,46.157581524974375,9.51421295962628,140.2789425750198
380,antigone,14.795082449930256,108.12455695777581,138.36335684651687
381,cornelius,60.454756393319485,2.444881598721443,14.116001741714243
382,fernande,57.34174373832182,4.287044924804469,169.67751572406493
383,denis,55.832411309348174,-28.028879856718135,89.99034538728208
384,monique,44.61815365287611,27.610672179089576,8.844757495485439
385,nike,46.89618136541549,119.28372900897662,149.86382663219462
386,lucile,51.163980271960774,-13.401987841728708,163.47164113929082
387,john,60.39192609525782,8.125565427042059,35.18153691525936
388,esdras,44.074543067251994,-18.96156528343355,71.47614052889374
389,proteus,56.11037058830586,27.36221433290767,187.1418178881433
390,jephthah,-27.492558154031073,57.40134427686988,137.43631664690432
391,flavia,38.009994254818416,2.9202383134356196,351.3723206532358
392,jael,41.2819243740796,-4.994270489240665,222.55420097545058
393,paulette,56.81109805238748,62.35340810031931,185.54740056648646
394,camillus,55.97591517099799,-22.7797744505012,66.25388745124926
395,auguste,26.253909190359533,356.95925047175604,210.44466595017124
396,anacletus,28.777963360378653,40.2515183755635,41.693100859518125
397,abram,53.07591234874197,-28.898572538656463,346.9959767410813
398,titus,50.42097874559353,-31.99067534935629,272.58118699389007
399,florence,42.15260192022941,-0.7445833702088903,331.887183877139
400,persis,-41.39642196288208,303.5912621431132,192.00190815444176
401,eunice,31.324882672608222,13.304002165063903,264.47580118961616
402,humbert,46.14974415525369,-22.472156952231458,131.64357577184708
403,mehetabel,38.94759255763364,21.14901109037469,337.0702445179999
404,boniface,36.57965360462735,-10.133966553067177,328.3621614048683
405,nathan,-50.938839061993114,1.8730413375270019,89.86555076051526
406,nikon,45.30827551961899,16.333073360292005,88.33123828128873
407,sapphira,45.94588603390553,9.52131592692152,115.0128709381082
408,jairus,54.87383150807718,0.2217009522631513,160.9933938178619
409,jean,42.79573554997926,-15.507008445352058,218.65124536046775
410,maurus,37.37076024434833,355.0508001288858,171.65778260369115
411,théodore,29.264858090865697,23.228912746460743,264.3376890310617
412,octavius,51.402430694202494,-31.551484034119756,68.67639063604416
413,caroline,36.67056183161106,9.05461422866992,17.108622054694592
414,hippolyta,60.627129435725884,23.889853448302485,214.4686413352281
415,pascaline,25.988606000302177,222.25960990502443,176.95984605199405
416,omri,22.251728985062044,-31.659257916984146,108.17218366772974
417,buz,40.689602899706074,11.095114517807751,199.4670596117824
418,roselle,47.797297012683664,45.04204891972011,134.41734724895707
419,maia,49.73232082965798,-16.510350564700587,121.87947897084274
420,phineas,0.5236941430168057,203.95249651626355,228.5380562587796
421,theodora,44.575790231402564,-2.5856355728317237,16.071691327753307
422,asaf,61.53881637060813,-7.952938096176949,76.67519817723299
423,eurydice,50.79653577563238,-43.243612893995284,167.64813522988936
424,angèle,33.68420756572178,-5.934022885846856,-0.1322028994772424
425,marin,61.921666838256435,41.95849547513138,78.3035753069439
426,sergius,31.94810089683359,27.240467520812672,100.39134396364219
427,orpah,44.772486780942856,37.00902705229566,129.58785327762564
428,aphrodite,43.154468431875856,3.6685778510881106,317.6623061195229
429,susanna,53.89385371125363,31.92621163852124,214.83884338630145
430,eugène,7.475589893450195,173.01207258389124,203.14007794522774
431,onesimus,34.69593026820571,13.890209090126552,24.04048070105845
432,mignon,51.982448707465394,15.765107582405467,24.971975198331954
433,azaria,44.164025527527286,-8.176919391950497,176.02928139182924
434,jérôme,43.95624987023256,-18.968487782681926,54.26131527214534
435,joël,-3.2051894675956514,242.0465117743648,173.23486246385528
436,valéry,60.095922095010025,-18.869685687519357,88.69993521484845
437,thaddeus,46.52407045771032,-8.839332843868549,135.52994749063836
438,halcyone,56.37984994815659,-11.431448637982555,139.78854157616726
439,romain,51.77994009833748,-16.40115221726608,2.9344888092741073
440,éloise,-43.92630909054217,21.373750357365573,108.85402025688734
441,morgaine,51.83311214338651,-10.823239445371492,260.84852100524944
442,georgios,58.28775694997522,-1.1809239612288527,95.85823739782055
443,michal,41.135436764757685,-26.441596299055174,116.23136174241873
444,aniketos,42.70569789840176,42.037608097331145,301.9457772973496
445,rahab,-41.368888008808305,357.63604458911567,236.0517232249121
446,georgine,51.16412621766397,-19.850506924263595,103.74400452394215
447,barnabas,40.12304018435646,-3.7287620061887616,270.7622516692342
448,hyginus,38.45748355908323,-19.827606361481934,6.421421099693951
449,anselme,58.68704589826492,-0.9865364667894078,230.71942423792967
450,jacqueline,-28.45076109350245,124.62754408549374,131.46009213500756
451,vangelis,38.221899231038286,-29.51409112655416,34.13795305967196
452,béatrice,58.15057143675643,8.648097833058392,148.18913225594878
453,abihu,57.862908500510635,22.032359690289972,245.50605480035682
454,reuel,51.35635129099466,8.043470540668764,136.80783479853824
455,ariston,-26.356792730386342,323.95364845248764,120.20319811185846
456,themis,58.47714453179614,6.884547641770028,71.57589280616138
457,thekla,54.866175124129086,-24.626261686463387,142.8277698768877
458,augustus,47.70285031038422,25.459150990630846,167.71677729921782
459,ramses,49.48669338593092,-9.153244844754807,112.68486834510671
460,kyros,61.94121843512423,178.2768084320534,89.32317356753997
461,nathanael,24.078000720247875,-14.171799144125307,427.01691139160465
462,tancred,45.767112615546644,11.956020819979141,75.60577381026393
463,raymond,24.864665728914225,13.933318417126987,58.01878403733919
464,sarai,42.29748473566803,5.6652266774562205,61.32059714655068
465,pyrrhus,5.303037342633364,70.82502152921597,37.19000598219438
466,aesop,33.35162733742054,2.970482151216868,272.30877078744595
467,hillel,60.032188558960556,15.894780146794098,128.28186137677008
468,grégoire,41.64328745622238,36.81690719560463,167.27559086153997
469,valentine,33.487882301723495,13.01178428973493,116.49358197252366
470,azariah,-44.44184761999009,100.08000094441799,172.30359494397717
471,keren-happuch,40.596884327311635,17.450078349157614,70.7491365570528
472,liane,40.047363059361516,49.92133448989634,165.9958317350314
473,lois,55.87862963724739,-9.914494264779501,222.32411024971663
474,isabel,20.697223969489865,-26.26742316151201,177.52435557829693
475,isidore,16.846568806792074,200.19269145045945,164.5965744337777
476,ozanne,51.163872565065226,-40.08227811890911,318.77658155163795
477,israel,44.050139404796106,-6.219861842724812,107.43732669547546
478,juliane,35.511655165679024,11.346548332014256,203.6101169165604
479,thucydides,52.35493347538985,27.142624055482244,170.33177666135558
480,vespasien,-0.308601558579422,276.37571352042505,71.9799265735573
481,rebecca,13.72264652922243,-4.334218703098478,20.491304840115973
482,photios,51.3784518802086,10.840844872386446,68.10478217546635
483,timothée,28.16892683500526,-18.069519867192128,376.78678661167066
484,gerasimos,36.885040292679314,-21.387016099977455,220.58869891063193
485,noah,-37.421130669573046,218.22822887629601,274.9374196308803
486,romaine,56.00746570337154,29.687393828252883,146.30624508061712
487,joab,29.32071578586825,24.931208703203662,116.1356547634353
488,evdokia,51.69236906472152,-25.014941608574908,8.421733819868479
489,despina,31.47018344833273,15.927168106574763,222.5763029728651
490,edna,8.338533976921155,191.68486785283423,69.72081020968238
491,phinehas,42.58496970913029,21.336911534760723,262.4981042080974
492,océane,35.81153625387747,-5.5292647717489,227.54877873451727
493,cassia,42.54196707209264,-10.971199505949496,321.5131683905635
494,jezebel,36.0212416247086,26.767767907998607,185.10479376970997
495,gratien,48.83719331390974,9.119727060148714,186.4205018636212
496,aristotle,2.847701005628234,6.643518894328249,198.1649966314037
497,xene,41.801143468541866,0.6923105897395757,190.0743595137124
498,clarice,61.651180645989236,37.68919123026549,125.18431019390772
499,eliphelet,57.41940088394993,23.94623170732388,354.6088933438816
500,persephone,26.36370064268319,253.43978836274744,431.42644621113027
501,isaias,56.996829774307265,-13.329269188667624,152.9379385263125
502,feliciana,48.37678334834166,16.279335782866255,99.8470555638408
503,avitus,56.26469047292572,-42.19803323510826,398.802407471636
504,zinovia,31.82087692200542,-1.566641053675478,114.82565263098664
505,kyriaki,-11.87586771071327,199.92853200164427,318.60544600932747
506,gershon,23.529242443403366,22.97993078299147,106.10161744396197
507,aurelius,38.42728103903209,8.065801859561384,84.18715061857338
508,hákan,59.93842276514279,30.81125524018655,201.2344749914748
509,solomon,48.42971501253907,4.285730125342479,110.02849157356457
510,delilah,-43.74306709757903,102.59330202692716,147.55284821252923
511,luke,20.033633897902135,6.42617604150026,330.6809114875031
512,panagiota,46.40456852831869,7.63389511004049,201.7566907531459
513,flavius,45.498257728219805,7.126709325900145,70.72057089103683
514,renard,40.47573433110676,-11.002164761001227,54.26470068205717
515,paramonos,-62.53925554992543,106.99473214509993,257.88183437148155
516,adino,57.87735347378566,31.161683359546373,226.98408428151959
517,hestia,34.40976695422342,23.70536598377011,107.53407911175347
518,hermokrates,28.946855785188593,23.23317631370973,94.53373314225395
519,pankratios,43.13611080099117,-4.050704370322706,4.740012361807423
520,martin,18.376225618254352,333.74726762005855,183.3430480654528
521,tatienne,46.2601427036213,52.66612426628609,142.89009330440183
522,evfemia,43.7713567124517,-4.239966044967938,252.61338912312442
523,theodosius,32.854402074808796,16.848114479393498,24.382946672503287
524,stamatis,37.818030727176726,22.191768986438895,223.72156825907973
525,brutus,58.522892585958914,355.95391693296,291.76188760667605
526,cesaire,62.98563337722923,13.150047506500156,284.47515274174606
527,sofia,40.225351254626325,0.9889434506170771,153.0665490182995
528,stamatios,62.83684027895025,-9.81041860386548,125.54429508612276
529,antoine,25.139629120138583,-12.082401485565883,143.04257343199424
530,abiah,22.059761061553793,196.08295859354104,263.3457611135758
531,gérald,44.549902045309246,8.78134054935293,34.305507135991704
532,eutropia,32.31939948984076,5.376838268474755,61.82511230168309
533,isaiah,46.20596950929843,15.383043351658518,241.2874336990248
534,ariadne,31.442811529780055,2.5225163383796407,41.78726880586339
535,antiope,-40.96472238377189,255.757548141235,120.58664637251198
536,parthenope,29.304039953818133,-12.662336150682112,37.05526357997975
537,septima,52.6779738417262,5.048444760977754,121.11584745238386
538,kalliope,54.08858799139469,20.637195619010814,57.311920737668785
539,ourania,55.84034857418839,25.885795879315925,186.9130893336638
540,laurentius,-7.500776751374025,118.45330093731693,425.23820666484755
541,aeson,57.62180271434017,-12.442635001823147,207.74563068076185
542,nicholas,48.15581383202044,-19.783965677857214,104.17570742737624
543,abimael,36.831718936602186,9.924182831726311,332.5680076113307
544,ajax,49.448002507486,0.4645598351499295,80.14617063755594
545,roch,-28.65620348944618,139.20732589714004,201.33703228947647
546,bénédicte,20.793962705040137,-12.143912579014007,376.750872426419
547,abigail,49.00314863413944,-13.586174941015223,99.83109603702621
548,évariste,62.73316346655836,27.241928854591354,114.72722754028675
549,psyche,51.14022912806511,-9.919178739201467,124.6345900619068
550,jerusha,27.90576151795383,233.65106864283715,217.70394312217564
551,naphtali,49.51219214096812,31.092340308123145,50.33513687182308
552,gervaise,55.46814849395549,4.952126072967504,121.42323249221482
553,zopyros,44.33629971914169,-0.1452443279629612,112.94762105302178
554,léonne,29.564065967405252,36.2434801878085,209.42618409561825
555,paule,38.49932943498459,188.09619330235984,282.3796531178224
556,ligeia,42.67101372273741,0.0012256610843046404,272.1376088903626
557,sheba,40.182364152348946,19.03764945255548,256.6930920549436
558,godelieve,45.31934505192051,-32.29584601828197,249.17322634583928
559,nikostratos,34.26097350872564,23.083843322202778,46.64197479316259
560,jeannette,8.755863776385642,307.6372968698056,173.01946756365425
561,prometheus,58.35072033032613,-1.1296295345700382,279.07765599823216
562,fabien,34.62913787165506,-11.235859079745158,162.52127780500237
563,aemilia,49.75572261554769,-33.47076540738707,83.8234392135729
564,enosh,54.83758385210704,-8.955210237776429,172.76748886143338
565,thales,-16.902103908412062,301.1391422022157,115.9311735925715
566,sotirios,46.42476538968997,-29.945328163001385,120.11534099676794
567,nicolaos,27.72171214167276,-18.5218665958219,236.7210051029545
568,blaise,44.95382419577895,-8.32300828044106,282.3022004544573
569,basmath,41.524819700518606,14.126067800827213,117.52179987470691
570,zechariah,6.418180686117303,174.94182872456506,61.85513575805369
571,clémence,56.750301539218796,0.7118110277383219,22.66612006508464
572,victoire,51.3762707593671,-22.838787134596792,159.34608788975726
573,antipater,59.73393542988458,-38.707193173776126,169.46750457609653
574,mahali,53.95552932898045,-29.594966514336285,124.07768986767897
575,sévérine,-50.3778340167662,276.28962550773235,213.52160028430197
576,justin,51.183277931530355,-18.02290073454688,260.5007181515598
577,théophile,40.61688327438878,5.13668507312615,1.069949149595331
578,hephaestus,29.020700291176304,12.56504592506973,64.40699631652403
579,peninnah,53.78660197020157,-20.017529517326178,36.25194636345255
580,joanna,-37.21566376240187,89.54714577740445,37.6926756689044
581,aimée,28.368848554877218,45.21887935603992,386.1581994772976
582,marguerite,39.93026712756709,9.293897002698252,16.919548220240756
583,andré,62.15760351983342,13.822054224984917,402.45549717230915
584,evrard,20.707764349281838,1.6499060694899637,175.12235370588095
585,herakles,21.039032773975787,139.42653619641715,280.2788433901414
586,gethsemane,62.103419808422856,-30.77202523963537,167.42414159885305
587,ahab,51.247114572607074,31.639730754748875,141.27155415155127
588,yolande,62.843057050238855,-1.10801105038536,95.07829710170546
589,tobiah,30.534654372723583,5.268623526016396,65.15204448970623
590,philippa,-11.537577432591256,287.13311817550334,64.3189301397037
591,alfsigr,26.186526147686195,-19.77675053301195,171.55151179234383
592,eliud,55.76728977439172,-17.73846448490968,250.47088775485258
593,despoina,33.681073787880386,24.94678552668862,260.0844463064362
594,luc,50.09074273170428,18.86756134108029,131.7736555550941
595,honorine,9.35001784031006,325.971848055354,15.204528014846652
596,donat,38.7565882810246,-29.73358920504573,103.98874270593524
597,hector,27.536281553324187,3.2317515528301017,136.21247208217494
598,beelzebub,53.99108539131379,25.107255743396365,233.0259896460143
599,immanuel,38.50837829115255,13.945038465286903,105.17271191415881
600,jules,18.405006852533095,328.0920756453581,13.63183331811306
601,thérèse,43.09298414272565,8.546144257085937,288.3124901424482
602,aikaterine,43.05445298046988,-5.161113477603906,-15.11738937371689
603,jeremiel,59.3604779492,23.507716517169808,130.7648568814847
604,arienne,46.82784302958062,8.665843588094555,145.6679978457521
605,rosalie,-15.370109464779675,233.3699449621294,253.42298701180403
606,artemidoros,33.680596212775384,23.1872244443986,207.58988245119704
607,loup,50.64418579206555,-5.591326948639704,95.54313618545312
608,hermes,38.546265614192606,2.957243205623581,244.5361509546347
609,xenocrates,57.06033316962408,-28.886178037116117,96.29688855685481
610,archelaus,-10.035660535824919,134.76667112137355,113.58620823747495
611,jeanine,42.945064799860766,-19.52804585112568,139.66763203344624
612,philotheos,23.736911085686934,8.527823088249574,362.17897185491944
613,caius,47.38062799890368,34.629990179316664,83.99334679425628
614,jeannine,28.47786747004387,24.977226798417057,122.77802516534314
615,james,19.792322125984146,173.57047377979455,69.25604587726382
616,saturnina,48.59136392438429,22.715797649553927,153.10830531938967
617,nicodemus,48.20033235505384,-12.821628399335196,289.4046640376923
618,christian,33.3867361428339,-10.10816641747987,48.47577689957366
619,corentin,36.48628541523201,18.412301582965842,59.99284540820135
620,stígandr,18.497982406097716,171.33443562472394,165.28544633242424
621,bernard,55.54459379188661,16.160029128096255,122.88201773448267
622,hepzibah,43.26322560246655,-11.44190375342167,303.1485388249791
623,xavier,57.53816493454251,-14.81465406617027,160.27502187672957
624,esau,33.31518904109652,-0.16409853844412792,287.76316652697574
625,hadassah,-12.289933346545142,69.00939072430532,176.1214685175205
626,eden,39.46385007905858,3.2269574734170208,379.04825912684925
627,odette,55.03678362876287,23.93152026545649,15.483659116265954
628,elisavet,13.871993485917992,-6.87441087005273,167.4059957444677
629,muriel,48.08300978491992,20.644417323208653,23.033966051683237
630,micajah,22.376010362200955,23.778553301109348,113.24868178601261
631,epaphras,49.48689060286615,6.646162536806343,153.42831566076237
632,philippe,42.475954484876496,-7.101823108171859,136.76526024844708
633,ares,51.009409105936115,29.208955115654618,66.44888726639668
634,horatius,34.29242268192827,24.03741082259965,221.94895285627115
635,michael,-24.802775995745556,41.857504310838486,59.284803864986586
636,célestine,37.76601813209308,-8.773476138643705,249.48275503827193
637,mathilde,40.50504530632235,38.921173621455225,391.21405065624805
638,léonie,59.019514252686065,-31.142279698694303,343.5584540371061
639,ivah,39.91191637902417,-2.9189268793923007,25.200828511527455
640,georgette,40.97822336527636,267.11315225240236,399.33803049237633
641,aegle,53.16522498442469,29.623960439015345,301.6311713992436
642,samson,59.64687902587642,17.15932761233895,164.64766204138263
643,aurelia,60.7449825721029,-3.6827800987537804,119.0246615070738
644,marina,47.118266780410984,-3.5376418260016984,165.24580180224706
645,marcellette,3.344596788160623,60.35886966497833,161.41005242223326
646,aiolos,50.67870920830741,27.117602378359983,110.17983749156588
647,sappho,45.261034380633134,1.9952568821619772,88.64051534862845
648,madai,43.07836776488228,0.7855373733472365,225.26465055279513
649,marcel,37.76180408397474,-11.034088229247647,363.88572722030085
650,kallisto,61.4058192956192,81.18482546633557,251.8753564473833
651,archimedes,52.82924037632839,9.586947449224015,147.65896968181647
652,spyro,44.50758112819383,5.2436460923778565,57.4872321442235
653,platon,47.6785975932508,-2.139076437947957,126.35565630372383
654,abaddon,53.143290280303944,29.396957905543694,61.13576687208982
655,jedidah,42.70021914298654,28.241512483343882,342.34987505505603
656,mnason,49.20673351093602,25.776088795175085,144.81305769443313
657,elpis,34.24770977827262,0.7984528442918654,88.25541955355025
658,euthalia,39.4873179806223,-25.022116898643734,248.29237074106953
659,liviana,41.47242796165894,7.268581600853539,26.14647872634768
660,albert,27.99460161536027,63.371678711405565,108.96874024280953
661,ouranos,57.641474444022386,-56.28043907111951,232.3990364915315
662,zacchaeus,55.20735414916607,1.1179161218655331,250.39020638431697
663,frédéric,45.011997420622436,-29.741090282524286,271.5514817444886
664,raymonde,37.878148871736286,-12.123929244378884,169.2852698845527
665,onesime,-15.651768805325936,272.81693330544977,266.159708383887
666,rémi,25.218908214389888,-1.6521508840467782,159.36529383571684
667,benjamine,49.09565737263389,8.34027405564559,239.80553212776374
668,roxanne,38.37227469073403,37.984802269444565,163.01428387867233
669,praxiteles,19.25915052503629,-43.53441913258995,160.147186238528
670,timaeus,59.061382872093105,225.01294742719034,199.1395423625436
671,nicolette,34.67425795944204,14.816524699267456,386.03887293748915
672,valeria,40.85529677078566,21.13662319676437,209.07908057023195
673,armelle,41.39851701463417,-5.77184285935392,228.13428144251662
674,richard,10.354113873277822,13.883241889515848,79.61882760599492
675,rufina,3.6017448991917984,168.57500233885557,32.24670202638426
676,dianne,32.495541566990894,-3.9729362405509367,172.3796166494166
677,festus,49.74408311550828,22.252398411232928,246.23156055415848
678,horace,44.89932198852559,-3.585293304528461,377.2816416337118
679,odovacar,44.48237446069006,67.54970230451009,-18.397083286863886
680,spyros,25.13218355789432,280.7307343811332,209.3010022654408
681,anaxagoras,46.758185397756435,34.32594212647785,42.94459778474125
682,mireille,50.897551783549495,-19.29078843190231,186.15256496650366
683,maximilienne,52.22320434577248,-2.205702427548193,218.40285467719366
684,anicetus,60.916455483135586,60.88749041961015,257.66267135821283
685,eirene,-14.349401420394473,27.248657576394386,175.20496668589962
686,atalanta,45.56424959432731,15.327321967663055,246.13263290021132
687,aude,48.48580582553128,14.11696926423795,235.63296439439068
688,adlai,41.192260946917294,4.142702878770306,-20.781147765406075
689,jacinthe,22.55611654659267,-0.24813227531265805,221.10302622969022
690,giselle,33.31381435594382,69.06515766311955,253.21500851511792
691,sotiria,44.682063392273584,-7.414278745364406,86.22950507765725
692,jacques,38.608600493322776,-19.520704589545012,22.926095380241847
693,job,60.46252045167797,-27.5543930943777,156.54290782352388
694,eris,40.68562806938276,-25.30833078488842,123.56213613240058
695,dinah,-18.565041696955475,225.90313505662093,183.23691242092067
696,françois,46.91075819604061,-39.76595772340695,243.6366938584864
697,jeremiah,45.21667834592744,12.923248041612014,125.90447257088823
698,danielle,57.23415878040565,36.22178185946506,358.62052549142356
699,nemesis,55.625907967268894,29.936350454277342,328.86190533628974
700,catherine,5.7644145555004975,1.5338847450740545,-2.6559686381263496
701,doriane,60.63409707571841,9.236122253492594,130.64649041856853
702,victor,39.5507320135604,-21.002803965779048,138.28858767178002
703,clementine,36.43412367538648,10.75907896964045,62.76645317212214
704,josias,50.17754730359863,12.113152735782451,206.09362006088867
705,abraham,-33.6303555475263,75.42728912145303,4.49347435242791
706,eleutherius,30.177831867366272,34.357898280970055,165.05576644612077
707,phrixus,41.541536625777724,4.875988029559938,172.5560762780293
708,ishmael,35.64877432119063,33.51732116414013,234.8158361632307
709,arethusa,51.71979188333292,-39.93574278538075,35.842059071467816
710,philokrates,22.930836335178604,248.25148282667072,179.48971945953642
711,diodorus,62.001884823176674,47.77319909581969,334.65105871750205
712,zenobia,54.78615633655884,32.34610248542626,18.827732690859662
713,corin,38.062122338631355,-0.10942783543239724,187.79881119191663
714,leander,36.508803770459046,44.12849908220975,167.54565397246228
715,xenophon,-20.353110791265824,332.0918851762652,289.54716174360345
716,valérie,39.73278517086832,40.48612319074945,295.10962909340435
717,anastasie,42.766305996183796,31.131248503392822,60.49033863857862
718,gabrielle,43.63052031205558,8.290187385356457,124.04102368244591
719,nicolas,43.073766255422164,20.77538852207112,30.37964376369537
720,nadine,12.855317082718718,208.8584990180998,23.21761033720177
721,severina,32.38536503136144,10.822462580553086,138.19139291409266
722,tycho,39.51736703260999,-3.3579323709121756,131.80543551831775
723,peter,56.284616313620965,6.420045830761399,104.75187643110652
724,flavie,42.49979412862565,27.231972640843956,-7.207271030535036
725,methuselah,-9.58288695258646,334.57626423517013,276.5315299036461
726,amal,47.86284163818736,25.484967701218558,183.1967306225711
727,faustus,54.00512013656378,-3.2832738678977162,71.954086343772
728,terach,47.115385950031566,3.984640563035334,273.62124153447417
729,selene,16.029657359654646,28.768746042354145,171.68927992743687
730,meshullam,-56.817608342332285,192.83734653452225,159.31976702605922
731,poseidon,27.350017696188058,-10.411462148296891,192.9733610171874
732,hypatia,53.93529597308382,2.9211471033998606,168.21201727378656
733,jericho,54.937965937802154,13.07279887966776,89.43882582770928
734,célestin,39.92748424839899,16.246122770831057,183.43512017002425
735,areli,50.256117271430305,117.14628508960428,170.70377251893436
736,tutankhamon,54.00658952415056,-1.3059932568782653,184.64544845515076
737,jesus,51.78739431727979,7.567158175640963,120.37240229301858
738,claudius,28.726380064537977,-8.519076001754103,364.7356768499414
739,adélaïde,59.358099039965744,29.56434572359311,234.6213933586776
740,renée,32.571648344794134,131.65998669774498,240.55097593958692
741,lucrece,59.090282379806965,-32.79413211026703,198.41497680106767
742,keturah,36.21471520598822,-19.079165649560398,60.312408407823796
743,eleazar,52.61188870340034,-18.65864449214541,260.80432566612893
744,theodotus,43.38571281403297,18.11844401457335,18.18106243032595
745,penelope,46.26947719605445,149.2871531786421,42.64108234056792
746,eos,38.193761709618464,18.99229924698691,147.17826029197127
747,pierrick,36.40987083380855,-29.669181865850753,226.24198032279935
748,olivie,49.544925562747544,-10.901531740119,103.50618946444169
749,pythagoras,43.44058902758258,25.02464524842709,117.94042440415362
750,rodolph,50.00823036257328,256.2136075579412,242.28383564508346
751,pericles,54.85333121738587,-14.022582275617504,186.34208797496188
752,felicien,31.56688603778257,41.59450930431176,76.16544698503725
753,étienne,57.713175831707574,-7.880718362918218,166.0700432112377
754,annette,27.836046905225704,-10.875165971966622,439.5767776462821
755,jeremy,54.09601150140679,89.40830070128638,163.57764013830007
756,aquila,38.5418645500523,-21.22872731287346,143.00072111342672
757,elnathan,26.155697264700514,-25.966170580166796,384.35587347281046
758,rufus,39.824826875344414,7.759466977024671,360.5911760949948
759,inès,58.667162727364385,0.3321953800431632,167.2800315447212
760,lazare,-14.326960866025624,272.2776396237384,56.5470267399667
761,argus,37.812315936845074,-6.376137316093985,109.78444799473459
762,zephyr,48.72726373450525,10.763429543547574,52.5563511964551
763,ferdinand,33.6714222675089,5.241291828485458,263.96198734145844
764,aoide,29.443625341439024,-13.600541038898179,112.92002149655573
765,carolus,-31.725845528252073,355.6757860696959,73.36408233432029
766,chantal,42.310941265146944,32.31372213870596,79.14470746591974
767,justus,32.17910418521324,-5.4275946883312125,290.12097525914135
768,evangelos,40.68924637678754,-17.417956720288863,87.34634139973863
769,thais,25.758472840847702,-8.996765220067292,79.61794037799315
770,sidonius,46.887461013553214,175.1984486741451,316.7460739864053
771,oedipus,54.73731196391737,29.299435142053408,58.03937750215927
772,brigitte,43.829688014318336,35.97248508199305,17.902137762611666
773,chloe,30.16549237113823,-17.213314206960753,40.87903549003131
774,jordan,50.68902492718843,38.00375981584165,100.29885852603002
775,nahum,-4.970407620261849,10.981924023485643,22.42370825106555
776,dominique,16.509476041062417,3.2105668517341246,21.111902641836913
777,zilpah,50.65619954720962,-55.71409309658777,207.1346864760456
778,eve,54.31306311877971,24.75511062903824,46.11696076339696
779,rameses,62.38661268872482,-7.145119974059579,101.53073020599763
780,chryseis,-22.356428354602247,233.91602128103943,129.94992840343917
781,anargyros,44.934719632107644,26.17805510774492,86.88706178065775
782,bernardine,41.97096183536345,-8.347523542748494,185.48164212265286
783,glykeria,36.15080078479536,-8.68322035636744,351.92231278678906
784,servius,54.88589583164243,-13.255304816740663,263.26430551615243
785,calliope,-20.846220911393164,113.19337687463532,180.82424245656583
786,gabriel,39.897669829775346,-5.0591764444227625,343.65506321077027
787,stathis,63.03988819423646,13.226887746304303,73.0287547385962
788,joses,29.061773772938473,10.746738895808233,358.31967945159
789,régine,61.41746362897365,-21.68317228585286,300.66816906846975
790,aristodemos,16.185550313772378,56.34810191966979,214.68144641412275
791,eustathios,33.93276604530904,-30.850029080585895,166.6675018531981
792,léandre,33.32261139426464,-37.95486048526289,56.54384272693231
793,nikoleta,35.52397439454576,-7.201686250954884,103.49075457731746
794,yves,55.103009603302674,33.964375327817706,218.82847763996824
795,þórbjörn,-15.8258706338236,117.83660704879298,248.46549284053913
796,violette,34.371950317045346,-19.761263706050723,560.4445296890107
797,zosimus,34.97234835586555,-19.452102190886972,369.160191595246
798,gaetane,25.95829153531253,20.11301149518999,91.73036755665632
799,eli,44.744334397551214,4.71344456804632,-1.1564261110280434
800,leah,-26.773432794528805,283.4848193545537,205.89677687347975
801,jason,41.48702396076324,9.881588160695099,108.30231138548817
802,myron,61.31738188466549,14.032782488586276,112.4407183319521
803,michèle,48.5900529733025,50.508912414514604,206.97817647579947
804,odysseus,27.446090759954235,-6.096161870495489,16.300996720858492
805,guillaume,15.718033554527906,37.38893560029489,451.26770869611903
806,brennus,53.93881121342508,14.179554035066023,235.93572541926903
807,sophia,22.542776999032178,57.125030160758364,326.575903089848
808,eumelia,61.16482617808395,3.0078051488597692,249.70232589344613
809,ragnborg,61.755905915000255,7.542954289360138,256.22590875945775
810,evstathios,-24.86312281477353,147.91474311119464,192.79738817450522
811,georges,54.35567536814906,-38.233899328736314,121.90786141343881
812,kleitos,33.993131284988145,42.791829659122165,103.8004348957198
813,carole,35.57951447897021,13.419984931002341,318.2985395452687
814,thanatos,33.08164366776396,21.380780844857583,223.86078049584614
815,lucilla,14.759166289487737,102.84898432215014,86.588066035116
816,cletus,26.109998027927723,7.44733342369213,107.65919100862547
817,anastasia,33.729475753895365,64.51157130293805,82.6711249217272
818,cassius,40.780156894071276,-13.380000848594921,213.76427944929446
819,marthe,45.44525287100778,39.86023000885681,134.53876260899915
820,nethaniah,-19.509552946168775,206.2989014340582,169.10306229419842
821,rainier,59.997674070860214,-21.349173811223736,275.85325904351294
822,plato,36.645422783049135,5.381707565121773,344.3949720155563
823,joseph,61.89454534265553,24.317967392989836,304.7650196878404
824,irene,42.31289160055489,9.202454424875029,169.83336442832655
825,felicia,-40.879663624094626,270.9527909358036,130.79671110529478
826,cleisthenes,30.64483604725372,16.222994251731937,192.23569072756453
827,simon,39.99057090105566,-24.640081099781796,120.90386664622244
828,adolphe,33.06086274591929,-4.542600915102627,38.81767984840356
829,aella,44.858575487831246,-0.10613223325065052,136.89135044021097
830,clio,-2.9698886794572625,326.3729341361788,125.00280668629668
831,véronique,40.87649332289633,-26.977392595573487,105.99686085021091
832,spurius,52.78088175383042,-18.414120621454515,93.18547560087654
833,photine,13.933952463432204,-5.116966821877212,172.59060320753886
834,eutychius,57.14911390261206,-5.82241223013569,357.41227034924617
835,noémie,-4.400135535268562,220.9434342396578,40.68293938061734
836,imhotep,44.10244725184466,-33.58246938667412,203.02900117968207
837,édith,42.45205238155762,-15.232433555425146,11.202830215499084
838,tryphena,46.699379539072766,20.598181219357972,348.65148133626855
839,alcaeus,50.66081450679063,44.681258415021965,61.20493522591086
840,gaspard,-49.07727011268043,134.48797014404335,316.2745966279378
841,athanasius,40.47901860351872,-1.4568495833241295,224.58724480835602
842,laurence,44.906623395216286,-5.6480961882727385,293.03033463929387
843,patroclus,35.919037635250895,-2.305849996779153,189.68460039276465
844,nikolas,38.04102350871137,-1.8922767073671436,385.85368848429664
845,boadicea,-1.8350906811724783,19.126144028782896,165.51833826863913
846,rémy,55.8052812031912,-12.542149151123173,138.29513670497764
847,petros,45.78856363153488,-36.704125215727366,353.7042686073803
848,leda,57.81435012580917,-25.84029412222491,93.61564417004685
849,deborah,50.33556845329944,37.96549131982313,109.2834205029838
850,konstantinos,15.992061597414281,34.02175100748669,227.25179747104352
851,jocasta,40.91817243949156,-39.79376459990141,16.29326948631862
852,noelle,27.44972986235301,-25.255754354199606,265.05281175113026
853,lucas,47.98028841975823,-3.8740968605279495,337.5353575188244
854,julie,55.33938506701016,6.804235093352193,129.5496639714988
855,hera,-8.830763461965862,271.90834133690817,129.53779779900717
856,anatolius,45.5221691219906,33.449209117640585,290.7110409221359
857,olivier,29.673022654691472,43.67694098718135,101.600210319399
858,moriah,49.758393838685784,32.79048227775595,133.03531704233768
859,azubah,43.18743124677815,18.763500031152898,185.67685955284824
860,henri,27.878498344834075,173.7057811694197,175.19001487179844
861,jehiel,60.45307656434544,16.08124532309711,156.81266883638003
862,florette,34.927267667184566,8.64540352044611,77.41065031750834
863,mark,29.854122125886573,37.95147942938929,350.87437384881866
864,luciana,46.03272336859254,-5.452194605534066,167.01614032992205
865,ophrah,2.4586431400722586,199.23013027516436,265.58178024103404
866,jabin,62.329331575417626,-5.251267220196087,89.23682815219993
867,althea,39.888368057893544,-15.308421261709912,199.35577303286004
868,chanté,58.08448392765858,17.127882760058753,150.09080442876467
869,hecate,37.277207244049535,15.686651430180714,208.3181007801002
870,jonah,28.748808320836183,81.92981582776115,180.9374652952365
871,clytia,42.65948218785785,23.682399742447107,52.517965986938506
872,lamech,53.517904103810814,-9.896036648454944,95.57846375630942
873,constantina,51.973479004859676,-14.217509204215965,276.41948922682656
874,firmin,41.288219235136474,7.993411433243162,173.69367813011849
875,josèphe,48.304579599049774,42.07791574359678,75.82207661177819
876,reine,43.463166299457725,-9.884466893785198,346.24462983487285
877,alexandrie,55.789776921764705,11.941709145661246,133.98056033932568
878,baruch,38.41648106151337,29.34940369166595,167.2052293870179
879,talitha,41.75621005187354,-31.171832791474582,257.4123174146009
880,pelagia,-50.267248055122614,133.74488709275298,293.34800317426516
881,charalampos,37.45519572217824,18.43724163909552,172.5700488385195
882,donatien,50.931364055863135,22.05954684750746,21.389974249960687
883,euphemia,34.79234542773231,-3.2880982673240027,240.1456605455453
884,heracleitus,50.4923054721694,19.351717846579092,24.907820442398567
885,cain,-24.565082228537314,282.26479809341026,190.0014172068292
886,benaiah,44.927545249257015,-57.19518486913407,163.68249788345932
887,jedidiah,56.979252568154294,24.701451026967597,91.03562563518437
888,chrysanthe,49.44716302148432,-13.565019071743842,111.00765909955524
889,zacharie,32.256359078212824,-7.9418475823588395,95.07110060519445
890,decima,50.64500286411287,12.054744202103613,179.17078790265413
891,victoria,26.41016694085305,-20.99897547690505,-4.579621934122535
892,gallus,39.848299905913606,25.213416871231896,47.85038349885468
893,euterpe,33.67645658183223,-21.409136325111298,126.05033625266717
894,antigonus,55.90226764513369,10.141886172743641,365.54930532583427
895,kenan,-38.34320494307177,22.475512234249774,129.47073192236746
896,heber,48.358133992396176,-28.505911695705393,357.60564242647615
897,germaine,42.655740409278366,-17.402878061066158,310.2205326034666
898,theron,17.02639769995262,16.480853235606336,159.73716384152544
899,alexius,33.83490816429576,0.754371046253265,105.62061329692261
900,valerius,-0.7543395280233377,164.62825790840844,269.50333365338446
901,jotham,36.46747551789332,-40.42129488078656,200.9625526139292
902,constant,59.52764636715607,-4.197613038773934,56.51194236692352
903,amalthea,54.45549072484863,17.843441303916403,272.3497142616874
904,demeter,48.34548295247372,-42.47102083117437,141.40211465237147
905,camille,56.83487999825311,352.2092131806773,44.860330423429104
906,neoptolemus,43.3526546805256,0.1215373949025432,29.34087331120795
907,zosimos,53.046288611387595,13.917195631058028,221.26775596008292
908,adrastos,24.605298566312346,27.988635431852394,241.68751373509298
909,patrice,44.35732674205595,-8.996936204219443,105.3102818032084
910,anan,-31.20324888733594,22.405436063485258,59.51486285805021
911,elijah,48.95317709421997,45.654529457297535,172.48328010925277
912,ghislaine,56.47871374466967,-23.092541186360567,76.63901534280555
913,athanas,21.671905514909685,33.8071653081846,162.73454217476927
914,marcelle,62.23210555632452,11.570322440453994,268.9207846448145
915,aphrodisios,21.441105118955978,75.45833813267659,337.5680676360533
916,hélène,44.10822910041491,4.661798527712952,89.76902043110262
917,antoinette,58.97070136046297,28.00722590631708,162.29457224255188
918,axelle,38.208754673528226,-35.09487070717025,132.68707418718967
919,agnès,47.281090091104595,-9.751745049906702,301.62677487509643
920,nina,-5.226781349400449,167.57559524121572,181.44991093156108
921,zipporah,50.53929792252277,-11.676015957353147,72.09121404845392
922,hrafn,57.65853645165846,-20.98316653304368,94.53436177892164
923,perseus,50.391640878767745,-4.599336628253454,233.04478169504853
924,bernice,51.269332613542645,-11.714351116347553,100.84322908503657
925,didier,27.020047440410305,123.16973918910037,132.41530948805837
926,danaë,55.18679864908405,-9.159391450886728,59.08868276227928
927,atarah,42.88492850202778,24.687293359718165,166.14776146854825
928,kallikrates,16.94250480474508,6.023918369095461,331.2283201132417
929,mariana,52.29505907937748,19.707477475998704,329.4402235334357
930,melete,33.38971816305396,0.6056848335422416,154.28583671305745
931,tullia,39.30805716965639,1.8610155296337816,215.30136039432162
932,theophila,46.99604116423894,21.150632369006033,369.7185698430608
933,euthymius,21.459800701101617,-20.88975626069447,35.889893269858305
934,barbara,43.677032630101145,18.060195688108607,41.829371358888864
935,ireneus,-25.585748248184757,239.89432334954114,221.40066326581126
936,nikias,37.81110618312888,7.066866138625995,364.8411644579633
937,ethan,58.13446533718862,-3.5074134157977914,180.13797070001954
938,abednego,49.635601441679164,39.05349094225459,302.5312169686953
939,joshua,40.55633441710938,9.585130321172864,372.4719450092808
940,menahem,-2.7932742945126066,203.23407090070148,24.026995964002943
941,salome,52.9363283808999,-40.136105993648016,210.91284948221875
942,silas,40.69745275460227,11.108841314795546,192.24416019529687
943,yannick,46.77405108685513,30.43822282431935,99.05694056115018
944,phoebus,62.14250698147135,41.10657450162057,214.9937554364961
945,eran,34.52537001556696,29.238357533691786,119.07048691777115
946,martine,59.25988012621277,51.332009713063506,154.3647111072686
947,julia,33.92706448491431,-21.16847676729384,262.1244815776522
948,modestine,46.56377652779486,-53.40669518435443,251.06014990523335
949,mattithyahu,16.408431852714127,-29.054170911895635,236.12649617743182
950,calypso,6.055768902543868,80.77685516797696,184.8212831696083
951,manasses,54.296969234200475,-28.56727334502971,350.73246397251614
952,adèle,32.30481738304663,-16.110422756467788,146.559626074548
953,syntyche,51.78079280773972,19.935382905840616,85.8882593438975
954,zebulon,40.51699386488508,36.221248347024584,347.55546203678756
955,gad,16.69492466460098,355.1107792423793,243.5056436773906
956,élodie,56.481093266819414,-18.789739490134913,265.4758101650267
957,kassandra,61.996279050674126,15.693761946151612,286.43118497245155
958,félicie,54.465727946723945,-24.574792823442646,291.7425935993191
959,zalmon,54.488148368126126,-7.489405769562258,160.67128002552363
960,jean-marie,-24.34146911990425,241.5871070312538,307.6587118775824
961,christianne,47.24642494433149,10.667256955375079,-11.996060558566676
962,priscilla,26.04538524032691,23.570155562111246,169.68772269254015
963,papillion,41.05744642170723,-30.055877359167084,123.78082462999907
964,ermenegilde,17.152384721377132,14.520704260530223,185.46415623124352
965,désiré,9.40864018039197,243.24511278083395,67.45622322558273
966,diodore,10.094231089732473,8.771638069716413,90.69611438695493
967,nathaniel,35.035982074407144,-8.544923947978118,129.66620625229515
968,pascale,37.96635788650774,0.824217048371919,151.63009272860694
969,éliane,56.3084103423627,13.726742672986061,248.19295223637062
970,havilah,14.888058033778554,254.6949837143473,138.68338352038023
971,rodolphe,45.91186306424044,1.5546317543614112,232.96149984413051
972,albertine,52.54736377818,6.152721191474552,221.42210183933463
973,hengist,21.436144122047093,-26.881964386890672,179.97082077915786
974,matthew,60.378326746534434,-17.465460411455556,181.34014903478766
975,fulvia,56.366455647111046,190.99399071517902,222.35765614329554
976,septimus,28.15033458551514,13.776220928711329,138.9770708986079
977,tacita,57.92983293085422,-11.38934649357602,539.2749778427224
978,nefertiti,34.79127151981896,-1.548465457240146,144.7648898588586
979,rosemonde,53.43272629952982,13.240090093188284,43.073072383436184
980,andreas,-47.91059751967189,38.97820062198718,285.9526619493305
981,melaina,57.85524389638426,37.30431979574048,309.1109623425658
982,modeste,42.53372291291575,22.727497323681806,200.86984470115004
983,lefteris,27.58568279495705,22.245270511764748,132.64084286619402
984,magdalene,50.633370826881695,-14.357288531101196,187.80174925486187
985,stéphanie,13.879811431226207,40.380202066510634,300.54068233326035
986,jehoshaphat,29.729344169010183,-3.7934767991178213,190.2991366279988
987,helah,36.200909993017774,38.66470432616981,123.57607727257641
988,alphonse,40.06617873188298,23.29948197325015,77.67509739899275
989,cassiopeia,50.988388514262915,29.136674376603192,187.3861259840057
990,yochanan,-37.17751916710289,229.55683112062243,334.230925094494
991,nikodemos,47.902300783376724,-7.434894580073312,147.61619913161664
992,diomedes,35.225305453725184,10.511976000769806,217.12179902964326
993,hades,25.124411924383438,10.372708118301354,304.79977992716715
994,spiros,48.45084065996684,8.982601178735601,256.9178528505257
995,aimé,-29.778625913256356,119.3353122966689,207.07912067904627
996,mahalah,37.114091874709764,-8.622101953926677,109.45292898863664
997,menes,62.05550790021248,15.73949941532593,240.8964372433881
998,lucienne,40.486437816384864,-14.4983525815038,137.81606711603686
999,adrasteia,37.267933685018555,10.758974971056428,535.0169971925154
