0,persephone,41.12286826794384,249.86038178932327,220.6578964004182
1,denise,19.50603417307504,103.14485761041571,85.14339235503061
2,claudine,7.514154023078334,33.770804947230644,142.03154704427772
3,caesar,25.9359164345797,114.38182345628341,80.21286674285395
4,marianus,34.467724238317054,51.83254933290984,128.82388457091145
5,uranus,-26.502074401432875,-58.8023274798369,249.0739351187421
6,florentina,25.41034109655608,121.18616406307868,114.31180567110957
7,livia,25.763437067759423,94.1283182788197,66.75644340433826
8,gilad,-8.590637075369928,17.135501641978653,195.42296721309393
9,timo,37.96992729948102,86.92040197208593,163.1156066434029
10,kyriaki,38.40154092520125,282.4918988125409,33.454098324653216
11,uriel,14.245389571250191,-103.27174225490636,175.81135203627875
12,azarel,23.88437890981658,42.23542978076741,55.54953603561502
13,léon,5.977021972939967,-71.90113049999982,345.28566314832625
14,apollonios,-17.88120795024404,-65.0729076797988,219.38851017896525
15,klio,21.697187638325747,63.80455821298817,222.33696844362484
16,émile,24.09808807330937,76.4406550830626,376.8165451252244
17,thibault,29.32600629384938,33.84932705286967,365.6189731651259
18,crescentia,50.38868824390891,-77.06658853487532,224.34456587360756
19,yanick,4.339716782308564,31.12672669534261,213.5787330675646
20,delilah,-61.69031703440972,264.7270481538362,-3.6460949325294223
21,theodosia,22.218203208355636,-76.44022463800422,209.86982049728454
22,sara,40.385144129064294,26.389057421895487,64.93409995156945
23,adonijah,55.00572882119035,23.26825889969672,83.51466954030491
24,adrien,38.267756402807095,-85.24808834724824,68.84662239059327
25,vita,25.774577938496723,113.86932063306767,363.103479404749
26,perrine,25.200692707950576,-92.10193899012091,245.02853782373614
27,phaedrus,34.04063708565727,115.778904956687,117.58651841138334
28,édouard,21.10522428354944,99.42262984717597,341.9338772419126
29,céline,34.643617918673044,141.36283750057032,86.25851102739979
30,paramonos,-35.17442502027704,249.13486915469002,168.76171616846443
31,caleb,-11.695248096900396,-78.76579546027408,127.75630626991031
32,eugénie,4.197491194359283,102.44081031713742,98.40695122665076
33,raphaël,31.934704849219102,28.119771489245252,338.39489981066845
34,philippine,9.655059484839363,75.54726433442205,21.114620286860593
35,laban,29.77266409451845,-19.631226274043858,137.13375635609816
36,irénée,24.733571687754466,-75.46045427219086,374.44279425357126
37,abishai,39.80764919733354,40.23783625586604,12.452554124573702
38,erastus,28.47691212048356,123.1686722408796,107.66874528100254
39,gwenaelle,29.00637645987273,73.08478758577121,179.6774354370226
40,martin,-28.435825514175608,303.94530486062376,7.775403715863973
41,agaue,-39.04169196717134,172.8745747372622,185.0406803334382
42,phyllis,46.12790869868057,127.45834454097157,231.6048917687918
43,colette,57.62180271434017,-12.442635001823147,207.74563068076185
44,carmi,28.072498233427197,106.99482537691617,252.65272193683927
45,nicodème,62.589238764684175,32.39667959225052,144.13186966708406
46,bethel,27.206895289874744,114.81127631556771,130.30178782468477
47,loic,35.850415560590726,126.33617222127877,49.158118903042165
48,philip,12.622967731750038,11.414217717234429,207.97760406852854
49,selena,16.037539249838467,78.52189984378015,138.9730308238252
50,brutus,54.11517703287444,186.45604343833224,145.72008020695816
51,hazael,34.89305530880761,116.47598627534325,51.10899836393631
52,hilaire,43.6136258390132,-4.44267007148938,78.90186373136576
53,kyriake,29.815994021127747,125.7579705843553,91.63122168810119
54,fifi,42.86974592639579,-73.54935486827775,135.1351642618808
55,melitta,24.799260269828583,82.6741558598363,241.81423576779633
56,gennadius,34.64070824474673,14.15520102239542,96.93025667628896
57,nekoda,-1.8668416130263925,124.24543914112733,105.98929019550502
58,fotis,2.148884151367245,9.290009116278323,99.32650612669914
59,gnaeus,-5.751006083463851,21.454861278300466,47.38188846462258
60,abiah,42.07456678266651,167.84023004865176,122.29575344995268
61,aristides,-7.252359666892198,112.21752381758635,136.80123914710697
62,aglaia,22.593110473728153,98.26212387024145,241.94193949637787
63,lothaire,21.723540475332616,84.75601306119901,239.81614895005242
64,mordecai,41.48702396076324,9.881588160695099,108.30231138548817
65,issachar,37.415127357815656,113.70057756497792,320.674697913359
66,juliana,30.604922891033986,115.40766325341316,81.22304624482018
67,eutropius,43.38627069073201,41.680219171942824,137.72805148326313
68,dan,15.763852210007167,-86.10935878811578,83.78016130145045
69,polycarp,39.03706788922289,27.65071971287874,399.9556281694822
70,antiope,-30.59927420321492,143.66756074162274,12.11173535885544
71,apolline,34.31609121598738,42.32879544414157,194.0195457747248
72,sherah,24.00717662296726,-120.35514580624157,-2.7989388962697994
73,florianne,32.02069026928447,121.61033254134853,442.7799139707574
74,isocrates,61.24931845848222,37.14387717772837,116.17175964563035
75,philadelphia,24.97023737838157,113.14668061296946,203.19834273304383
76,clitus,-21.30635166011897,47.540258513075884,102.40358096375365
77,philomela,-21.18647260718088,36.73725556369631,367.1338679482791
78,lydie,11.174291658310654,39.53718460585215,278.98982675689075
79,odile,60.21226722214312,47.47302380520843,115.03956600251996
80,laurentius,61.272162455681396,273.540828500026,202.2612167695061
81,priam,14.228727949639122,9.697932026977488,205.4747187083737
82,tirzah,13.865571326539662,-3.492853784403149,160.32032685885488
83,esther,1.4498257143252973,107.55312222959748,82.72441436659888
84,gregorios,-13.188832039262104,-78.13643879207076,122.97161685701928
85,urania,11.159256257071533,-3.912720162951931,220.83213087894288
86,agathe,55.05853042900683,16.25025214167217,272.5782131757545
87,ham,57.92983293085422,-11.38934649357602,539.2749778427224
88,matthieu,15.291284006981398,117.83882921343381,10.481805734489797
89,abidan,16.69492466460098,96.48199053978114,96.6451451163813
90,roch,-54.93386696353453,355.3284437481092,220.2074869372096
91,lucie,48.61395810757067,-1.5564597521633443,110.20475111305021
92,elpida,41.95604428782432,-4.532734447403762,333.4464102924577
93,theophylaktos,34.95782240473736,56.6936784328784,218.50893146145046
94,sylviane,32.475518803442526,56.008093691420925,213.46238584311914
95,noé,25.581101311425115,113.48085967221978,374.2676584025194
96,meshach,7.3600472363696685,79.84838200484873,186.06427402773352
97,lysandra,27.801582397578233,-120.97833738366478,259.8858179364288
98,telesphore,-38.76438419847875,26.568110329724984,115.67843887841258
99,natalie,46.09850333839054,-100.55786528182261,48.85789122235289
100,jerusha,36.4631845926462,176.64550382689214,112.6866307169241
101,yvonne,46.82187313579007,-105.2306562012068,236.76334822015235
102,madeline,36.45358021380354,48.67698969845861,175.81657177545117
103,bithiah,13.000649803647695,33.458727897234056,59.34119090302772
104,françoise,35.041303115409704,114.19003864377446,276.3225171303887
105,tacitus,26.868950415043784,106.4874016728368,255.14981215012335
106,apollonia,11.524483809980005,102.09295190230753,224.63599599735142
107,saturninus,10.106360497898525,74.17249262987893,66.0971465421517
108,urbana,21.927257504618577,-101.18634617625833,248.1507574205637
109,iris,39.64316035368839,-86.31616322855028,189.6016217398941
110,paule,-49.31573308438244,344.22778958186325,163.7628232368645
111,rochelle,40.94262907840472,52.42319842091692,140.5970798008145
112,yannic,38.45297126725963,126.45548283194925,11.271326708867015
113,daniel,48.67410401682268,11.571039482373436,143.8736905654709
114,helios,1.246603544826141,25.210863686503274,259.4598877683949
115,athanasia,54.539077442372545,80.20976182659903,260.0747320189883
116,laelia,23.52063698380844,115.73894316936412,174.95986247228353
117,lavrentios,26.56155647646302,120.20334650341769,260.233610716566
118,euphranor,17.217773286384897,-89.94580292022934,134.34034623294264
119,hosea,29.63382376579314,114.60990478211959,115.33866255537146
120,jeannette,-39.857402175897285,348.99621401030873,172.33149211543076
121,vasilios,13.033053405793277,96.22800443612867,123.29353982733869
122,cyriacus,23.494413761541452,106.65424776599986,19.899040612355286
123,marius,19.01211713418604,-103.16354526103166,371.39566720321864
124,hubert,16.934955113498543,101.03565860892142,269.2886581064972
125,abisai,13.401689732236958,81.33376219540142,161.26494808078502
126,roxane,24.07860863733281,29.58302824749693,52.17601373932942
127,eléonore,55.58199767903413,2.699697442616837,41.92723611311176
128,amarante,24.7455029691005,93.89463984464928,113.55704306951267
129,zephaniah,41.934899149687574,140.03800665083762,128.44139867783048
130,thales,-49.14985033231317,161.58131846202954,271.56491203917744
131,achan,17.394207213543158,-101.20060816348392,165.72622110380172
132,clytemnestra,43.67875900361344,29.138350863529155,150.24267402542034
133,louis,46.13807688654827,114.59154625297536,240.74550519173442
134,evette,0.2108535655027379,98.72697820434792,103.27388272877866
135,björn,26.476679226175417,109.34540057513237,-14.952464690315232
136,basemath,1.2745442839667511,-87.72534882487055,211.7872699132353
137,habakkuk,-19.026307642622417,-37.075533526303815,72.58367283965862
138,marine,41.93990664425479,112.4223473147096,183.198062514048
139,aeschylus,16.97954461824629,78.73040222013383,45.00072100883385
140,zechariah,-34.73411191112839,166.309852812829,144.5453722637644
141,antonia,22.116071364277214,81.2656079025488,142.05212853256145
142,zoticus,45.47698264964343,0.9911548338529649,329.06775156025066
143,ianthe,29.01280357654384,126.84652810736307,291.58030084241204
144,narcissus,35.234820555276926,113.43842478735307,315.0526097801893
145,stamatia,39.22477321054863,29.921830714763033,111.49501955360017
146,straton,36.41315313206133,-109.79358476357078,95.00887866935606
147,judas,26.303922003841965,106.5850194745183,80.73352682798314
148,alphonsine,34.74281252654582,118.3394261600455,-9.769330554910166
149,anastasios,33.21797256284895,-117.70876842457412,74.91143822401379
150,sévérine,-32.73696685920634,279.2648418112362,93.23293572286099
151,nephele,-25.014657400160985,26.944987096014053,393.80389406008885
152,varius,20.67646540114048,-100.25622906973757,146.37614472593012
153,pallas,10.879072455406334,3.9436101807925077,208.2560894665152
154,cleon,33.78135018312857,113.60320938667637,281.50104060044146
155,medusa,-3.3377562047853844,109.20031046637713,154.58523945788053
156,vitus,28.07677393434439,44.19390916105396,291.80786959235763
157,stylianos,41.99423778868298,-89.87026547865665,232.59178537172392
158,shadrach,34.65494680770694,30.280220382146066,72.77244704240591
159,melissa,19.053755887792608,86.15940847736577,184.24486706522762
160,joanna,-40.30271210539468,313.5375668845895,148.45271962019723
161,gilles,31.088790583360698,125.37454343340474,103.39914814080399
162,jethro,-27.269466132563473,-51.43662509273077,152.40376051862316
163,fernand,25.365534910835127,114.45527188589192,266.07009271367224
164,jubal,42.14184522887592,124.2431576129855,180.33402330145742
165,ezra,8.93381483314953,-85.48197439944443,250.89224240710593
166,eros,48.86202706727322,51.8167255300094,139.07258962519705
167,alice,22.845654369459567,109.65972975568627,153.9900183607323
168,bacchus,23.848314950356656,78.20154156405573,123.26395179561527
169,anaïs,34.26988400485567,68.15092726747362,344.76281538739113
170,herakles,36.35295008205682,207.60241634932055,27.3160731679247
171,rené,10.810590925776602,-71.8977595126468,233.7404563987252
172,christophe,6.6243594184353185,101.760945191749,158.39086125120787
173,zoé,37.337456171639445,76.74793687053374,128.01770335045146
174,adrienne,48.287518259177695,3.851092941353865,257.5597581806021
175,sylvain,29.399910304460565,34.85280729492342,234.51790279901735
176,theirn,26.868210081445504,109.92092193356316,181.79971290540482
177,clovis,33.73070269188449,53.564334866939475,-8.851936275733003
178,ashtoreth,32.90211310559774,116.84382452949754,204.02513519347994
179,methodius,34.81381236306727,8.990199966041628,209.87411624577942
180,philippa,-19.94869492852503,351.5178209697244,118.13742627591188
181,amaury,29.887416189638667,136.86251682995808,67.95415449627426
182,theocritus,33.00904668015044,54.52097781204857,104.48415362148168
183,armand,49.07184027842283,110.80806807890647,161.49486285385967
184,boaz,36.37102436921511,-84.84588161998745,372.2474545433804
185,sophronius,38.33410915521174,122.71132250559964,149.39799256668846
186,rachel,29.212195221783283,-21.858362162129716,43.75441013726724
187,shem,17.385325371641574,54.70706778181463,220.79023710775843
188,dionysodoros,40.57373334420145,28.5609056436189,250.36119397944208
189,héloïse,36.66788189572602,-77.39825650452156,26.628265336853765
190,honorine,-59.534776658134554,83.46728649827902,442.5425234823329
191,alexis,20.587293294948488,38.28945199485687,173.12747983917237
192,demon,39.86428663882775,138.9332574066942,10.156986407792687
193,miriam,30.851798285344696,77.89357007790782,205.91136943776903
194,tryphon,12.570643328697832,106.35725704551452,47.71523061151933
195,dionysius,43.804600041777235,-0.15767609088321685,145.68298412235293
196,lambert,18.509442269363294,28.65872318431097,153.07491628366913
197,constantin,32.51049585543808,111.51676849730117,281.19606404700585
198,pascal,35.175210262853405,117.18335292768171,83.64285735621135
199,phoebe,41.581188290680366,23.029514374003135,108.89452159219817
200,jules,60.440563312015904,291.87708978484784,-12.669068201459883
201,cosette,30.420998951054607,119.70673655859314,97.39641495210292
202,eleftheria,45.55177701916479,-130.30397113905124,59.99760773853312
203,tabitha,17.34246257063416,75.40110661653326,203.72290362146705
204,pontius,34.56683546530116,75.94297989792295,165.65827573123008
205,orianne,4.358377427302313,129.47160663517116,128.96005370854982
206,camilla,43.783189652040214,-68.41665609337112,209.22360743497677
207,diane,44.31334747566544,23.350859317876427,114.2967267373065
208,reuben,41.79998426142217,-79.83473314982496,159.27687312357625
209,quentin,9.322709557305693,118.87973769572663,312.316893438911
210,rosalie,29.452638604212275,165.64002721468145,78.16885933913099
211,dionysos,27.69121382365177,73.02705445640048,149.39656588837335
212,margot,28.504078501344647,107.26162284795414,157.58992799559408
213,mélanie,21.362956011334607,72.89953285669623,217.23962599865223
214,draco,35.8002539411432,74.7118670217974,125.79965971591062
215,julius,35.145174425144575,142.36658873588843,203.38474250208753
216,cephalus,26.03851871631684,-94.91190493867859,132.24272334755955
217,democritus,-28.418438482860815,24.601299735790175,237.68867191479393
218,anthea,26.223781018454314,111.10441582487094,35.80972674979405
219,ehud,-0.7388019138721852,8.00768709814324,118.00182205748004
220,archelaus,17.173338963190286,184.32586051366934,226.24336987582524
221,christelle,-6.672531880993128,108.0937192533623,200.2389976472976
222,herakleides,40.243682500514296,117.03186401450682,224.35475199025882
223,michelle,-22.371415883491874,-42.71965274097361,111.08217198872728
224,sextus,33.44465669770351,119.56400110751426,131.4402718576995
225,tiras,38.374405112472246,120.56146929944201,33.26609939025328
226,anne,-8.474493901779539,10.277645404834763,42.592591400465835
227,toinette,32.0442205168346,115.63846354482499,134.09246989779297
228,césar,-16.437402061865548,-47.46964067735416,185.7515670359273
229,damon,35.58182552840181,74.3987199297056,22.20113504207694
230,james,-26.548073039070406,169.1345024083464,437.59534656232154
231,orion,9.403731603034718,-63.10784288323984,134.6600661272071
232,zephyrine,31.312017460912635,103.08372165312403,131.23156364446504
233,othniel,18.660452989030727,120.30175154302168,80.44474059510712
234,pénélope,34.86121631272584,58.48462221763119,442.1887010953999
235,leto,40.29623274237574,120.39779290216984,73.73949389976158
236,elisheba,17.611429883430464,98.19379599392813,386.37926221909885
237,thelonius,26.989297791011662,110.85558418256844,163.92751332841638
238,hagar,-15.223059299579713,42.30241087465508,188.50240437882618
239,fabiola,12.88668442836091,75.61788749568935,158.7067808180606
240,stígandr,32.44478362394787,161.8136681000908,154.86870401301948
241,leonidas,16.918273297778484,65.29577447642113,165.19210257678267
242,abital,31.784359585837834,-2.930951545525345,207.290317032917
243,mahli,-11.79064096056457,-83.1502623437971,76.10981335072933
244,horsa,35.33938438949067,34.87772719852886,93.04596772619931
245,faustine,-1.2368283720483113,-83.73412561214144,161.7882517031549
246,ananias,48.42771644004685,38.13520546541476,10.512620818093104
247,corinne,-25.048355934119694,-55.130257389167866,202.91834695132425
248,jude,28.942569465924702,120.6139670800933,179.93168826575882
249,adalia,16.766353316655216,106.3580988921772,48.33805642960752
250,hadassah,-50.70516485405568,36.92508764064,58.6837127501021
251,jamin,32.96523432969578,123.3369298172246,175.96695004495484
252,lucia,24.349770547598418,79.3532183281191,135.9882985968815
253,frédérique,31.96305724783584,103.74769925191652,111.41058221003817
254,epaphroditos,45.868407223765864,-80.23284428717352,35.416126566690906
255,aurélie,49.80818050204902,79.71916213693501,162.61347926423315
256,hezekiah,35.8507075232561,104.40021723103263,260.057320828077
257,damien,15.409086002056288,118.58254612988215,294.10483017687113
258,gaius,-1.3744245569005822,37.53077606452419,20.074290371168914
259,léontine,42.267543632396624,44.3468467660978,65.36971803700972
260,micajah,-38.613889191753735,292.1490241888078,105.29754160898989
261,phaedra,27.65933759928221,49.9295699287554,205.81448717407883
262,hiram,-0.8703564880539206,98.05353055557738,360.68613278986766
263,linus,-33.30111810309251,13.84284133291725,99.72521070555811
264,jehu,27.834077732088275,117.69062324349854,116.67020988770946
265,marcus,35.860935680867236,1.3737944509642894,109.6293872353076
266,haggai,18.945476669170777,31.376882427879327,273.6779786944467
267,sylvestre,39.584771223706824,28.405406443026603,301.9408118197068
268,emeline,27.30359015197946,119.68902220291882,198.4764597406827
269,tamar,-28.513044110827604,35.828492837105784,243.1891904854043
270,michael,-32.957508999344945,53.27028129154056,150.79615943636892
271,rosette,20.12508561427456,70.84218118842728,110.94206697371928
272,dorothée,17.865779982446615,-77.7541705107018,176.00130459966155
273,herodion,41.73006618335839,-83.6080431749141,258.92065920570246
274,gisèle,2.3039502550092514,100.01478289495385,195.63901949674135
275,linos,36.6741809432128,29.181917916797726,23.181490908252783
276,demi,-33.62752589183226,148.57918685986255,247.05270400443942
277,artemisios,35.01010182116363,117.24005336611326,140.0865250365106
278,micaiah,29.2825069113384,-79.85300754527259,193.59663696203404
279,toussaint,20.91601402948434,96.92956525033496,263.54285085307663
280,georgette,-40.72775599914264,356.7183343009472,247.86668854308198
281,eudoxia,47.22519439566105,-89.27258001780146,8.07922639291482
282,cephas,57.97515395663887,7.344766960281789,304.21971858669303
283,aline,25.695521363835955,116.61952725911028,138.20433931407678
284,joceline,17.627775956976016,126.91776339202248,143.32910220564835
285,maurice,31.097642969119427,87.92546380520426,55.90136687710802
286,euripides,35.7507381721489,81.5935595042022,44.999119990666244
287,jahzeel,37.24936475533463,139.85623046586736,228.78373564426067
288,odilon,13.4809502689388,-67.07366057081944,195.28462274179626
289,henriette,35.027809238349874,-111.14340016107506,112.71761294396183
290,marcellette,-53.430324360258446,70.02458209126506,114.03476386061064
291,claudia,33.78590620307085,-79.38658559101661,61.12478289929986
292,miltiades,47.45622249954937,117.9406111562582,253.0501906923809
293,angelique,31.075912668392757,141.1844385182349,131.74546872857914
294,cunégonde,41.05773374916727,117.51796543893785,53.7500998664884
295,icarus,31.185955830197102,35.218618050959,185.4854258459611
296,polyhymnia,43.40459833422293,-109.3352818143957,-13.678136819722127
297,aurelien,34.932001788234615,13.036627313809657,38.713455854013645
298,blanche,34.77691243910692,26.070434225955832,73.13428913436373
299,berthe,10.05439065215141,102.57548881839331,45.16876652444947
300,kallisto,-33.12670478532271,209.8787816904241,380.83097004429936
301,huldah,42.61891495338733,6.5712853323676494,230.5355606675309
302,vienne,24.937986610962515,78.95180961462512,88.605927636647
303,gilbert,28.263595922242974,124.50770994326719,168.48050761807875
304,erebus,17.584662840986148,112.08575902416138,362.68378349422835
305,stelios,-22.14606497789732,-51.02731491954156,96.22300968898514
306,shamgar,43.118030951035045,128.39508546557914,201.58268776592013
307,geneviève,33.33010914288148,-120.58456969941687,97.80210445204654
308,achilles,26.54196016743752,28.101541996339893,164.50881784173183
309,stephanos,9.589810073525129,79.33872237542325,218.15646664800428
310,jedidah,46.084720645780216,173.25186749942077,91.3551666098637
311,demostrate,17.609781204855427,-74.19474538611443,449.5794791252999
312,gilberte,28.230366584829817,-8.364116809115533,123.9378440132611
313,asklepiades,8.022130703982311,47.84839748758364,137.4055844309736
314,morpheus,-10.724281498934342,108.66346089213832,64.88921289260837
315,madeleine,-21.210938233203475,-46.443638863604356,143.87622490523108
316,athenias,27.45360168432012,-3.4451124690413346,151.10602726893035
317,spyridon,30.223649703521982,110.25139792428732,142.2791488864445
318,asaph,29.610961525719315,-107.32931962422526,208.84303826839493
319,alphaeus,-12.315270916802595,17.92290211493085,316.4330143791964
320,albert,-9.98519106127921,344.3954678997425,7.9583834273114675
321,beulah,40.46911195750666,139.33520829423884,54.40550673907232
322,achille,47.5570626542203,68.64730811349129,351.7093487431075
323,þórstein,25.68885931078748,121.21395701927929,54.902891398359785
324,diogenes,19.858686625741292,110.04818222070084,131.95326527912206
325,élise,37.176800144391294,126.972561299605,111.43881607285331
326,delaiah,61.31414992833284,27.487456162323333,234.01706845407364
327,adonis,37.919844176836236,113.93281843838149,92.68219836021682
328,epiktetos,57.32124728855907,37.033261910862876,226.23055422024936
329,crescentius,36.02753303088472,112.55461474463146,180.43647816643625
330,onesime,23.440978241322544,340.0475638030832,155.01310478793692
331,valentin,26.890683375625688,-18.594843447277412,54.77980042105101
332,narcisse,-29.210401568409463,-79.9955814498386,157.50520606981817
333,chloé,14.77546538137501,68.26454216927495,57.09376315232315
334,lysistrata,36.31196010061615,116.30583030729669,25.520272405782563
335,aurore,26.62254361238495,68.18518270343988,145.10741807567683
336,luce,11.831172186541227,17.2000018789984,126.01280320362221
337,jeannot,40.237546569258996,114.29021694164764,294.48285882086077
338,cornelius,16.773378056255247,99.04148942467306,65.49818111631127
339,fernande,36.50418652292826,-81.07199840496476,200.42746173483818
340,timaeus,31.314733348366282,158.57985445556082,199.10772024485806
341,denis,27.824445895400526,-100.97336371931065,72.34444326940273
342,monique,-5.295070520650887,13.703928148907945,474.3910323112053
343,lucile,11.36093492085421,-12.164091191747143,191.03457016526718
344,john,32.09163972454909,119.60894364083165,276.62745329541127
345,esdras,35.55074081796923,46.89029483767312,186.35275636066385
346,proteus,38.06701545311463,132.6558393302941,162.13085736342794
347,flavia,36.427275832841964,115.00085446874942,255.93136120181748
348,jael,-2.5010514814821234,21.414216207961328,296.59583666762603
349,paulette,31.770487496255395,111.04874216156452,118.52916691324174
350,rufina,56.96736939028463,357.0980443960604,311.58997220558194
351,camillus,34.94083450710802,139.63981867621138,166.0523217326101
352,anacletus,49.55360780883283,5.715503262971243,26.99129545145415
353,abram,46.36259308231355,1.982147605786225,191.0787206708829
354,titus,15.708968774946523,-69.72498257049595,125.56226813370486
355,florence,32.89364615306217,71.8109968648818,48.03957924214053
356,eunice,29.688587248287032,74.858832281786,55.12637009762284
357,humbert,32.51363230139842,36.47463904235956,149.69613134358497
358,mehetabel,25.66514294954629,101.7836274861114,62.138265953513056
359,boniface,4.937888547320497,5.840620255593524,175.94921358676586
360,spyros,20.26537387807835,282.5702279673544,39.65951339493681
361,nikon,-13.861011296596077,99.38934309683619,359.6458735252185
362,sapphira,30.715691231329625,-86.8688066783314,328.2752980768077
363,jairus,47.36929487914674,71.33401523417352,156.28508549848775
364,jean,34.189390904886466,33.239205838760036,309.26897424884214
365,théodore,21.38111931011339,119.3180688726976,169.0498934916026
366,octavius,34.776724235288384,122.43257411305541,327.49959835070524
367,caroline,33.19761523675421,-96.83374367479958,267.5023832457342
368,hippolyta,30.134337154739093,123.71400993459825,94.33648570167352
369,omri,49.30191492185257,13.800642537284334,52.91110293868957
370,eirene,-9.773806569712018,105.37122370402024,322.06017311064386
371,buz,38.57906222296556,23.46093181884465,104.6898069601138
372,roselle,33.81304192274708,51.05356299552071,74.83564322000574
373,maia,15.495217240491803,105.3970717679226,198.1835649083654
374,theodora,-26.531174029089186,-37.73437847372189,156.79773392949895
375,asaf,-33.25876145427249,144.87963447605273,111.09644929383688
376,eurydice,34.06702505487796,74.26733613148012,154.67486382022304
377,angèle,22.356052537167436,-110.22811598200542,-8.32619696710271
378,sergius,31.40322779156289,3.4221054998886635,118.21463408851872
379,orpah,53.436918460508075,-81.43474076144905,126.6743865373029
380,giselle,-16.33806818710351,332.3075985239217,141.70338801455677
381,aphrodite,22.60181842285423,88.584707555588,374.2812861986273
382,susanna,28.692791295965794,112.2564635255447,19.021775552023286
383,onesimus,25.446732296026244,116.50533464893977,226.78965817233814
384,mignon,31.964076217307742,133.48052884920057,59.817309528095976
385,azaria,8.126597144667024,95.17308971136048,359.9114308367915
386,jérôme,37.16121563733888,146.8446128622557,82.79495434020812
387,valéry,21.348655775576024,115.54458441155161,245.75081370603812
388,thaddeus,47.9240710223345,-119.3015016280549,128.96277008497702
389,halcyone,37.86271083852103,109.69614150321665,81.60511440718876
390,dinah,46.16201652889335,315.2016762566923,106.14283778547548
391,romain,30.381472968736574,77.75568968223058,213.8641530614909
392,morgaine,25.460241925175204,90.4697238414041,116.66682573465246
393,georgios,26.64240116034732,-96.05169976632968,34.742456586013375
394,michal,20.8419032410576,-100.21125304990314,144.85359703526927
395,aniketos,12.393072934649656,-76.27555900033182,145.8523635060011
396,georgine,22.69638707979894,117.1338882716213,123.46524559314113
397,barnabas,-19.752618691819652,-43.179750986432126,270.20696382071526
398,hyginus,18.34492572424734,-5.174920853526884,110.03481665836742
399,anselme,26.893259867240708,-116.95925230564768,166.25938411179746
400,catherine,-5.169086540311779,46.24725340023353,174.98355438452256
401,vangelis,12.897938486387568,78.87982317051129,208.79171527490843
402,béatrice,32.324844492244495,101.39533004059702,105.01060190718528
403,abihu,48.80297252126118,-72.02856657313805,187.57938963180413
404,reuel,39.907210466527076,124.09036419543652,72.82011392433637
405,themis,0.6276003074621022,145.6676623420245,66.0752656185243
406,thekla,40.102262799398915,25.670173956970256,271.11909596749194
407,augustus,46.48470920058278,-72.99148779959319,337.5806898492701
408,ramses,33.27838721795925,120.27557352620921,310.22464947868497
409,nathanael,-9.925543199451926,-40.31158729994842,61.01518952676078
410,abraham,10.051200773273,281.7281330391461,353.3561527727987
411,tancred,26.321819534561094,69.69599458896384,407.7563764656061
412,raymond,4.023808314578874,6.2010361869220345,195.47759250553133
413,sarai,41.519476134014184,-80.36530526799778,156.53703931852127
414,aesop,44.88419996414219,105.44413209807834,175.7974036595644
415,hillel,35.61165410104676,-130.25914773460028,165.37621825150896
416,grégoire,34.38935939390393,45.740255476435735,337.13733946738245
417,valentine,14.789209390424265,-69.18718574641282,115.53190433497724
418,keren-happuch,17.792281369286037,74.7144310844747,213.82981297645975
419,liane,-0.8480781478607127,31.299632536616144,164.8158853479201
420,philokrates,-20.38428358338604,80.13061322457038,368.666808947965
421,lois,27.975928311210712,40.107918823740214,204.15587518398908
422,isabel,46.31228572090329,23.261262584574965,61.11013862117426
423,ozanne,11.102505988871794,126.4764813515192,212.81080904609698
424,israel,8.603311839479229,-2.6371880381513275,236.61321540193558
425,juliane,24.1547112342469,69.63803637635439,43.33240699779307
426,thucydides,8.184088544344279,76.5778126486513,33.27003015350142
427,rebecca,31.22640657671155,-100.24491142958412,311.26033472381675
428,photios,30.005035422861134,-106.53818529345197,160.4195669837108
429,timothée,-7.460245704218562,-86.05577819916793,110.24451732712137
430,xenophon,-26.496333841121416,52.17398464167107,97.32501808684624
431,gerasimos,-13.753169132566969,-65.16085944993043,187.44301062863047
432,romaine,44.32307072906137,-89.83563152764246,42.986509489345536
433,joab,34.55786700156237,127.72830942256076,159.94738213381132
434,evdokia,-18.11136193230464,41.05120988108961,248.7107656463844
435,despina,-25.371917200685715,148.055921251015,167.29448587296838
436,phinehas,14.725018332113047,-9.987270838237485,449.9146175255291
437,océane,30.776448228579373,136.69060198915795,195.77718198115
438,cassia,37.26905367183745,115.61429361561166,97.85007606242687
439,jezebel,32.992237837614574,43.43429815709026,166.32411587956338
440,nadine,-4.185395275756846,210.37985553932586,203.08428192340324
441,aristotle,4.926323202485157,12.275529032473342,106.96723228743633
442,xene,-13.8330486830163,-41.377396788453254,281.5571148171821
443,clarice,28.131123206285295,-92.10058547540596,201.1106381819537
444,eliphelet,19.012286567064944,77.95681117218503,338.65787985227763
445,isaias,24.816999951464872,49.06308129144333,120.7548798336247
446,feliciana,28.66726729530926,-101.8747005175202,141.31627979188116
447,avitus,30.081590328797997,115.66871582879399,66.3355822018431
448,zinovia,36.60347310167673,116.90413888074717,347.182460795377
449,gershon,32.82889627417022,143.39169207274693,-11.408895687878758
450,methuselah,24.639878919315315,73.98494619582165,369.3453215500827
451,aurelius,14.906517525787207,-99.26575894799927,276.1537100762134
452,hákan,43.894252864460334,-10.491184949291947,181.4629092836956
453,solomon,24.736749184129312,118.79174622016525,165.35962106337868
454,luke,23.28357502481947,71.82593438414182,224.35676453908656
455,panagiota,23.149644359526615,66.38151533552949,271.47660463358807
456,flavius,31.925402085977733,50.10873026789309,125.80820527521465
457,renard,-22.760341952842456,26.498671327742894,274.8677535273571
458,adino,7.641888275910093,69.95763569701374,6.267012464146511
459,hestia,40.87206515716677,-78.26001631878219,16.817639965492944
460,meshullam,-42.849210103855135,61.63568161404383,161.15799967024057
461,hermokrates,15.261246184286248,86.07928957400931,342.5263468584057
462,pankratios,23.109042664467708,-100.839743927443,91.32129912256569
463,tatienne,42.55215906455495,3.985827283261212,529.6402027321312
464,evfemia,11.68334874864998,81.03989045794793,52.85720246828281
465,theodosius,28.642967638054618,-111.36447831604441,316.54245575127334
466,stamatis,35.73282907170611,-4.162131551017002,212.40832949773133
467,cesaire,-17.24366064480876,-45.75731719941211,227.03523082985936
468,sofia,0.6202955250327594,-52.23807772896747,200.2275829784553
469,stamatios,-0.38461816126937753,106.81229847802103,126.22080939336581
470,areli,-18.579203877642982,251.2304058591595,99.94476607298358
471,antoine,33.43626358721698,125.12583656586528,138.76764726989373
472,gérald,39.1106221519652,-74.01941043559385,39.59613499629708
473,eutropia,40.760994807434564,-77.59011265979332,-15.32830108708084
474,isaiah,23.230261128197093,-100.39892837321555,82.75828379215322
475,ariadne,28.041096964505865,68.8709594092182,262.0697508937732
476,parthenope,32.164744336058085,124.59936181960876,536.7606849098676
477,septima,25.424103201046275,-100.68985696102958,95.04985387911407
478,kalliope,-18.542498115107126,-49.19290201256939,392.9854310042315
479,ourania,44.930726304235534,42.54743915207387,-2.3830985763662724
480,renée,7.0980029616144105,93.34708468568502,434.51565926551825
481,aeson,15.333653240484445,35.36413577166529,66.34152625938313
482,nicholas,29.64590421830828,120.97540284413834,233.64342850671676
483,abimael,31.398531878568704,43.389967120811555,197.93016449092676
484,ajax,25.268764399050994,121.77487315932906,106.76898580967665
485,bénédicte,35.285716520390494,103.64169652406204,192.65482092390448
486,abigail,23.90354201438708,81.9018937205005,119.81692403751828
487,évariste,27.2502696451556,39.25286537887615,16.87365190044637
488,psyche,12.973374222049195,-86.81298495928127,88.67844255760647
489,naphtali,24.250494927478236,110.28239994327757,-15.650329832146955
490,penelope,55.92377840674468,100.75913622164482,107.91336740213396
491,gervaise,43.54728047977961,129.6828124813033,91.61375703746087
492,zopyros,28.98206628051689,104.46418732531615,216.19898498139347
493,léonne,9.321739245872582,110.22643066721142,211.79470871891465
494,ligeia,4.414810577093259,110.79554299620287,242.38670102625957
495,sheba,31.622536538723693,57.61501464429993,321.2869760504868
496,godelieve,23.689741919938058,-91.35046628807497,58.55648447896108
497,nikostratos,25.263940285168072,40.16665488701428,123.4047176182959
498,prometheus,20.441313106793572,93.56121818515827,267.41000311100566
499,fabien,40.19763932746494,127.03638629242757,19.257966897176175
500,rodolph,-33.83429698221351,110.53711738603474,235.50678817984493
501,aemilia,8.21298290085653,6.331683133223259,141.53266101926997
502,enosh,31.096620390718936,-4.482618471431684,129.50432889041542
503,sotirios,38.17103771710656,-70.14886444864631,284.272140327633
504,nicolaos,13.132068373111304,35.98650129957411,93.40655337237642
505,blaise,49.5334052269117,-86.39139069088411,231.0075956411431
506,basmath,48.75763651932015,-87.48129334828268,346.89070872366636
507,clémence,22.021281291585087,-97.06281500703544,121.58019653209323
508,victoire,49.55106839480597,3.1358945519556545,153.97691291390004
509,antipater,8.585690309024343,104.03435053412204,177.15791371052546
510,jeremy,10.357054704859177,171.2275513351524,307.0440384578321
511,mahali,21.21086931725436,110.76365103769135,206.6478977938408
512,justin,46.792712928857824,14.232047452011635,166.30605454072716
513,théophile,29.941431439653716,127.3273563980452,94.39468221006945
514,hephaestus,36.97773614748741,140.9798574289906,337.6920843565821
515,peninnah,14.077815100080482,80.99560193271846,434.81437689605605
516,aimée,39.906582877810735,35.64004696128222,409.6560938892695
517,marguerite,19.621658471251003,112.6418547096183,66.69741429544044
518,andré,46.51397223222923,-93.1099968430913,57.107168761946525
519,evrard,33.21903685525718,120.13119292544599,199.50198625981506
520,lazare,19.027213465585394,187.91942972450926,478.142156197659
521,gethsemane,9.20887078603474,75.48502486838548,5.0578068302283015
522,ahab,45.50897017240045,107.62985145306733,136.73955790138368
523,yolande,-35.45276069310632,-57.23745141480413,56.58025594930507
524,tobiah,40.516932216665474,-79.28358717954409,57.247711332558325
525,alfsigr,13.03602930493287,78.52105714208818,314.4287575717447
526,eliud,36.70132931538543,47.34400017038424,49.41792212906154
527,despoina,27.617656986947537,107.76267919162373,70.02102357531193
528,luc,30.418111813671153,75.01513251166993,277.1740796608114
529,donat,39.4636306303075,-78.99154131752542,131.3012549981007
530,carolus,-40.15164043431649,28.234161162402298,163.64034931437908
531,hector,10.381478026129523,88.07647163209354,441.7252637176424
532,beelzebub,-10.72242683864511,42.19454035967021,51.46060700189359
533,immanuel,13.407360192059286,29.7739893985963,274.6548002502037
534,thérèse,2.5300505800832367,-0.6803234205493143,-12.573121432251696
535,aikaterine,30.691293507991677,138.9299896273175,105.70419433299631
536,jeremiel,15.335228639639523,118.23210060015192,92.8988648882949
537,arienne,34.08836424801681,36.49594597544301,167.55182666357933
538,artemidoros,32.90171886566769,77.0815400340402,299.1287834743192
539,loup,16.87655693675094,9.85416415964181,309.01326349492604
540,sidonius,-60.62272638142933,345.0521798086182,-8.150536876471811
541,hermes,35.083043405708175,33.34410228605013,5.146604924521569
542,xenocrates,57.944011432648274,74.85476092922045,194.02078513297096
543,jeanine,26.207027476513364,-99.22570990235566,126.7909829078798
544,philotheos,31.01504236349547,-116.17176275976098,101.60934592114987
545,caius,27.146091054007275,79.76750767585206,172.55738147361276
546,jeannine,-1.557538478117312,106.99625564844924,261.47385389951154
547,saturnina,-41.06692994026696,151.9670172790181,-9.387891679959612
548,nicodemus,-6.173951174541951,-76.29750304190509,196.00538215909762
549,christian,48.64047134860527,6.089516626255056,209.78262773048803
550,nahum,-9.674079276222885,77.9342700840694,44.2466491057248
551,corentin,27.439632255614715,125.62002812932866,121.93928898278998
552,bernard,36.2422771607432,51.01919966614687,142.79638387276836
553,hepzibah,41.234030717473004,134.99499757887742,319.8881753543268
554,xavier,33.7155370692594,118.07721063807051,273.9487542018181
555,esau,22.571396224732478,-91.9178486413323,67.09244299452698
556,eden,15.863755617377034,111.66129895024152,139.86857119597934
557,odette,-34.53691354900113,145.83138336441124,142.00159353888642
558,elisavet,9.57986723436241,9.608315570980215,157.55211334542687
559,muriel,27.468386940987507,116.85714742297581,100.74265664882932
560,chryseis,13.344477100388168,158.36037219586717,8.528784261281132
561,epaphras,21.058807193694896,-98.28190307972177,240.28895297610995
562,philippe,20.795221669378464,124.43867429364147,118.13940340051337
563,ares,-36.03494297842997,-79.2740053291147,337.19137764108
564,horatius,9.128819658912379,78.43406482277118,272.6173912625223
565,célestine,2.7607695383276893,98.81227742314505,47.40452060548702
566,mathilde,29.901778155538004,-77.87882366051576,195.37483452607856
567,léonie,1.9234087280025531,9.869181375584212,308.37085420463916
568,ivah,59.1102749113508,25.94266623639849,150.7638676265888
569,aegle,43.81759625194576,116.88990828850012,124.09146635151382
570,calliope,46.92733113330025,356.11931971606936,534.7338982284691
571,samson,4.447011704010212,18.14204220993157,322.9396910085807
572,aurelia,37.23291828785124,56.37324955632935,159.569988884604
573,marina,43.382879829993676,-70.13507124168335,117.8165078553196
574,aiolos,4.828358650097889,0.18787247041133612,34.80617999390272
575,sappho,50.011612222100524,-108.56026348157077,230.44106981469264
576,madai,31.10857170266105,132.98725561220505,302.3376977159273
577,marcel,44.91019758065371,115.78830459618402,24.180745394791096
578,archimedes,-22.216645623966475,-42.8240858134319,72.20365721728083
579,spyro,38.333194736630254,136.30223773884111,110.75517216217355
580,aristodemos,-30.68712504312731,251.68789767208614,272.628124332144
581,platon,51.01560331199943,27.923656339405102,247.05380668517955
582,abaddon,18.83878610078278,125.79366622763114,156.9111278303548
583,mnason,5.364828936073046,-13.308015141140396,-6.0292445439356435
584,elpis,34.11279296048142,-106.0381534286208,80.07590457045289
585,euthalia,-0.3585387536816884,42.37586756940344,278.974412871409
586,liviana,-23.81597569843589,24.74210299018955,303.41527763756335
587,ouranos,17.500346491063276,-105.81864626636354,246.8390986909173
588,zacchaeus,30.468652753349936,110.73094086751017,107.70763659717207
589,frédéric,24.828789063453055,105.91699492474281,109.45891410126242
590,þórbjörn,-16.632807681571208,283.7555536380383,185.0422576722273
591,raymonde,-17.307150698061168,-39.92436736629347,287.46890726063
592,rémi,11.598308179848994,10.402788225292984,-11.058690082989859
593,benjamine,34.25668481349819,43.0650151568572,216.26268666768797
594,roxanne,48.879738763144445,15.34477344804057,24.95334850414425
595,praxiteles,35.26107574636186,39.49462654000003,78.02211753697681
596,nicolette,22.535469777035466,76.98308090070114,98.71105329476279
597,valeria,17.48459030338359,94.01055698795994,88.01426835130133
598,armelle,0.65164177950781,46.11506633819758,92.0754036525643
599,richard,31.40874229370557,111.70663672817044,69.72483845315351
600,leah,-48.196968368764814,253.821130830883,190.7294105793475
601,dianne,-0.5515690291387408,104.23794946326895,159.1887583475516
602,festus,42.59076884104881,-94.96507130019037,72.14329815806538
603,horace,14.695139178352926,77.76522928829462,212.12821715280572
604,odovacar,2.945062990302887,2.0293928581652687,60.94238012067832
605,anaxagoras,-15.17611903550277,-52.096980087071024,-2.3430011802038493
606,mireille,26.449744358074145,-78.61849872273045,300.3210573616869
607,maximilienne,-21.182727769755786,-41.43204870971406,175.13354109106277
608,anicetus,25.191789119645556,115.92014332645574,166.28800922217823
609,atalanta,23.642124322681603,119.24526836792252,334.72822773888845
610,guillaume,22.625601565790593,59.73199948469771,46.65631177658615
611,aude,22.483862542181967,69.88532174954807,472.2528230934346
612,adlai,37.86044251270794,121.71922988866112,148.81037465768654
613,jacinthe,18.86943974724619,122.95951559246556,298.32694349798345
614,sotiria,22.083356900671077,-82.16438840436334,139.36783855155352
615,jacques,30.872164938907204,141.09624120849284,366.21651246760166
616,job,40.16685626189067,111.15143884475216,514.8090214629658
617,eris,6.964884639868314,24.09544797271735,151.70107263988027
618,françois,39.28475747552388,119.04577287531623,85.2256450587853
619,jeremiah,31.774808698087835,126.18293717030163,121.23801573352446
620,evstathios,-50.74412739924125,36.35581592883362,25.809305993684113
621,danielle,31.244410552126123,116.74555587775052,29.471588233887076
622,nemesis,1.7688468538802145,104.85042807273048,33.05836490995177
623,doriane,10.253121619241993,8.362119325569767,45.982599002198455
624,victor,9.69902422339228,111.11525537100671,308.605516423535
625,clementine,19.105877913724978,69.71913825954903,113.47534548757483
626,josias,10.593395957345765,82.85201283549335,59.90668151041801
627,eleutherius,4.607224974179516,37.856835200185806,358.93757404277966
628,phrixus,43.60890953023,78.75388032734672,143.16603099912447
629,ishmael,33.910939682589685,-90.28948072556558,340.9293603398958
630,lucilla,-8.22548911609051,240.53093974499538,114.867836940129
631,arethusa,9.61302369212923,32.96889027057864,184.32202535618904
632,diodorus,38.721436590173376,129.04578148863183,85.47768618589298
633,zenobia,23.581901048097876,111.63727421838573,124.23334618243405
634,corin,36.728041389220515,117.35620276605464,76.65328861900608
635,leander,26.268261068263055,103.85047852885745,71.0946217942281
636,valérie,29.32080367076524,107.8298831545493,220.47357027007644
637,anastasie,12.642318368771909,-79.80514376143283,101.69747746252182
638,gabrielle,15.586832561121925,44.89335453357411,273.689316581629
639,nicolas,11.758905580008523,70.00532672034414,2.1939819409636243
640,nethaniah,24.323167197459174,283.07260746772073,46.75430228052316
641,severina,-13.75872725745946,14.214860415164024,69.63438119851831
642,tycho,32.1928619563644,45.33295690682007,66.29736926218544
643,peter,16.286774931453618,-70.95356510300267,189.20933421350858
644,flavie,43.73181843446944,-81.72445222464067,377.1599220564792
645,amal,34.251682918908756,123.94796478184453,103.2345766147561
646,faustus,13.012640381392144,13.444031335901345,69.65266276493034
647,terach,-2.94560130511643,130.57907257015012,251.81350515332895
648,selene,39.899587857000235,106.82388396714859,171.03819757212037
649,poseidon,8.321555811461895,106.62639603305847,177.1441862466654
650,felicia,11.033017077172989,94.0462012855384,30.7631236181861
651,hypatia,22.227280986321606,70.18584722836897,54.99492919256737
652,jericho,22.88765743644941,81.53042190715458,156.9028837444725
653,célestin,34.216820079426384,39.965651304087295,54.5333854360521
654,tutankhamon,14.855581521574003,78.35793925969644,265.6117604905979
655,jesus,39.32369655949561,123.1205495813151,63.25203610179618
656,claudius,40.615924965128116,-73.21227435391415,280.86110689658864
657,adélaïde,17.0042345234112,16.229547034104247,-25.67436114741266
658,lucrece,25.37036032108929,111.25769453851294,192.40714931455128
659,keturah,43.05140598834887,121.74973701399772,346.53879142452547
660,clio,60.87806215148356,194.0608746436139,-16.42744712028248
661,eleazar,32.53955912459534,126.26039654277714,109.55169361758922
662,theodotus,-28.463364101106205,-53.10511743622789,12.549338635274005
663,eos,0.12548063998586667,-68.83964440249827,243.3061441387324
664,pierrick,44.243408104148024,108.87092153958599,136.76524552525203
665,olivie,39.90530099087808,12.31438072680083,309.9458549543763
666,pythagoras,14.830782113562936,72.56323104405989,143.06787808296608
667,pericles,25.89305487782876,74.06814896673548,174.83185294073576
668,felicien,-38.45045324990037,-64.83144539528483,198.77785136508373
669,étienne,25.70099690936537,110.77681349445649,331.2450216471123
670,noémie,5.069061032968192,243.14465285538745,210.49187319734523
671,annette,26.31975762533924,78.00253575516994,15.703607396878695
672,aquila,51.41165106602077,-70.28427128342665,82.96630988278913
673,elnathan,-29.168282712658662,19.100680703717263,91.1288688725483
674,rufus,33.532618555522454,121.08396425449114,215.5962181978901
675,inès,31.054092681149577,116.03744191175774,7.380512196124819
676,argus,38.78409039245379,113.32734866633895,13.325814792646163
677,zephyr,4.106367502847372,104.7239681305916,140.18292378464162
678,ferdinand,0.6359539230067621,15.756421899767222,148.1109970215035
679,aoide,26.7938154602854,109.15718240959201,36.78341885947799
680,gaspard,29.11286341421287,62.890969345998236,112.38016653706393
681,chantal,39.46367125579663,123.2783608066685,127.69328437123505
682,justus,39.39869983068438,134.3832474941815,348.38889249365184
683,evangelos,-7.3867117824833555,104.35832250709339,191.7673216514301
684,thais,35.77833611381452,-69.53518028219072,145.3971181276558
685,oedipus,4.171601874794883,89.26702498068381,135.15005276735596
686,brigitte,55.54624612438962,86.87069659845912,20.398765925701163
687,chloe,23.118415721679295,-64.03298083877401,36.34704073877242
688,jordan,32.146456169758004,116.9502240468214,136.16648380258312
689,dominique,26.464068176965043,37.360025015999376,54.13431627329638
690,boadicea,-6.401111849030295,309.6930672993936,289.20948795702253
691,zilpah,35.552593015413,37.22265623390801,100.6195039075721
692,eve,29.346199190485216,116.8719233488235,231.61182929570782
693,rameses,25.915531313802887,77.70612992092501,37.85095407441713
694,anargyros,-21.189066390073496,-53.65476350846459,187.07753150389172
695,bernardine,23.052686846944738,86.45391069867465,194.7711137071405
696,glykeria,2.460474657877791,103.58740364296924,143.50754083175062
697,servius,18.909423824117678,120.56595926802902,578.0397241971987
698,gabriel,34.9984067207622,119.06661357798082,94.68230725607529
699,stathis,20.110742770634143,-108.82881879205895,80.21433642240356
700,konstantinos,21.69571470540443,50.81411205530555,324.8782080723586
701,joses,-0.7255822877214335,119.93299754417804,91.52702166434591
702,régine,34.8535474759563,123.39388596261857,212.05315758240636
703,eustathios,30.03496070394383,-95.13617206844944,359.673198021164
704,léandre,-17.61873492743496,40.59556455483968,18.368364920086137
705,nikoleta,43.84306858112855,4.335089226979833,124.11187746956583
706,yves,24.334362615680114,72.6491906001547,169.31269006609148
707,violette,26.202457410514132,114.46849421527088,102.0398267307767
708,zosimus,33.84686853514527,48.86146819829488,204.00228770488084
709,gaetane,-34.186566758935605,-43.26535678570244,168.43086833036662
710,hera,51.38497904727673,343.31988771605415,83.73478564392192
711,eli,24.585817512442674,74.09935995946329,296.1919512966128
712,jason,36.39796951805021,141.9729294854852,153.36573011186528
713,myron,-18.195344378805846,31.686983913355885,244.96713066160822
714,michèle,-18.497806689830156,-45.779755890886676,68.01783701084139
715,odysseus,51.119548990866264,72.02309836950228,185.5299261725483
716,brennus,21.593813215288424,87.49196102289872,134.33335504887575
717,sophia,32.16961910653188,53.4495833934715,167.38018208057736
718,eumelia,33.11783875819664,118.49047630144076,193.65646891625858
719,ragnborg,20.042478363040214,-94.88280519802264,230.8076845885019
720,henri,38.799929969074164,31.337740398770794,109.07422853576182
721,georges,28.63074927323876,81.84506293363286,277.7772608528123
722,kleitos,15.617746839291494,-97.21898134390982,285.8899649760108
723,carole,14.601500293169536,103.02940343898648,169.15433677737096
724,thanatos,54.67961796319023,1.4096890015017365,116.38351656822039
725,cletus,10.804806188171593,91.74649739164755,121.80482554186949
726,anastasia,34.85300215840409,-113.65207774639175,152.71566618667725
727,cassius,20.59966974583834,98.83954539049819,315.51268347739745
728,marthe,35.62659649601924,75.70593545576646,217.25741850470578
729,rainier,28.319123236754606,76.67095519753082,131.56711613026786
730,ophrah,-47.82894367848225,234.94455580202924,173.14050965567776
731,plato,33.88911138469978,43.6821735666951,117.14365843014073
732,joseph,9.579633188526998,104.96096826563004,317.90082040245187
733,irene,-4.602324981546475,-38.30387004449822,-6.263352128550839
734,cleisthenes,2.3735030936133215,-0.6514538737640737,122.18513408494897
735,simon,20.852988874393038,76.25451305311007,25.963953366075955
736,adolphe,39.83915559349323,66.72298755524882,202.32927517386943
737,aella,37.047119083022906,-88.3781607763171,341.13991911234643
738,véronique,0.004030936844256039,31.527775464888474,110.03927583553747
739,spurius,7.882440455858788,102.09116044020182,96.54848776033955
740,jonah,-51.386654813046995,219.97888044164358,107.53265631731949
741,photine,50.99991826890933,3.3048419378114127,291.6232574263048
742,eutychius,33.81709865668646,-0.1349097979457396,163.3006187966634
743,imhotep,25.38511486207609,119.1896680032421,51.70073363952109
744,édith,-19.468188590712142,-46.319779375623796,125.92569521150213
745,tryphena,44.43054309870864,29.831920706043306,163.38484125784714
746,alcaeus,37.186959875225384,121.7274686642835,245.50614214555026
747,athanasius,13.985390554743534,121.94087466667204,281.22971112257255
748,laurence,35.36837113010187,137.7155180286008,73.37965449172508
749,patroclus,36.01712790668334,113.14875864011371,181.3123684403646
750,josèphe,-16.96884101930682,72.81685284938456,137.23113620508775
751,nikolas,40.52433918180417,80.90055546620299,41.51006212953139
752,rémy,-12.633032147667935,-74.99657932829412,30.13236503154701
753,petros,-2.037436233036173,125.94070092140768,403.8233197364217
754,leda,22.204194646900763,115.75172031330857,32.86073879485542
755,deborah,-32.865780940380446,-46.87946454238521,44.04843315079053
756,jocasta,-28.27780698052802,28.35451318972141,156.9679575231767
757,noelle,-5.805805651049443,16.056633389947773,37.34823850027314
758,lucas,-5.769012613161473,114.00601987412715,38.32014954293753
759,julie,13.368973894153134,76.43441251910359,223.9514997452601
760,pelagia,-34.060518970766104,346.36573945016147,-9.05690190730257
761,anatolius,-21.378488478911216,-56.62628562576699,305.08181245157493
762,olivier,40.229424862755295,-81.24082742314985,14.646887386329873
763,moriah,24.631392587700173,90.4473969511256,88.50343785903374
764,azubah,27.73644759925269,57.24534951500901,34.12724300443742
765,jehiel,33.55366821034376,29.071186382738492,73.54648771742048
766,florette,59.5230990627091,18.62845841445029,250.49039823604562
767,mark,-22.643850806300303,-52.12930044226981,5.095928611775825
768,luciana,42.62453835694929,116.7842048929507,85.8150471172182
769,jabin,33.09481568700307,46.828570184729145,133.01943124782335
770,cain,48.207947652823606,3.5115188131141695,253.08338871208485
771,althea,24.50168488588707,83.96956033431935,140.7851548046669
772,chanté,15.566794120516239,105.50144508964665,48.04276334495215
773,hecate,34.553772510464896,115.71735090210625,214.61860646070085
774,clytia,35.72482150229583,-117.02068537198936,303.44596200004986
775,lamech,40.951417550497524,45.86215006284967,347.18715625850194
776,constantina,37.53563138231671,128.37701392137274,175.83700410352043
777,firmin,3.8252656886561276,108.71995851745807,287.9601565748552
778,reine,31.129020859649266,94.5852682988931,11.815634871092826
779,alexandrie,49.164649426570676,18.646837539803762,187.74878155154158
780,decima,-21.539688575887567,60.46805713044,166.35069246854425
781,baruch,14.793738457447484,80.25430629106424,66.01618883374177
782,talitha,39.601510374393236,72.34451124238379,287.7754485132859
783,charalampos,30.111481216897086,83.85390893510858,110.03479716489028
784,donatien,7.912416143188314,-19.025265886476255,310.8004855984561
785,euphemia,10.76757202182014,-1.4668829952399063,133.87516497209296
786,heracleitus,45.50342834628551,10.24124160126737,254.5692534216882
787,benaiah,31.7014076146046,-107.58853909545974,-19.574773794237885
788,jedidiah,40.35480088266285,27.488013945324667,80.82958456586826
789,chrysanthe,-20.848314877798337,-48.40588613608816,240.1169616905912
790,kenan,-20.523149658544394,347.48297160899216,153.23967479022275
791,zacharie,50.57693333124963,-96.27135411618485,214.30166145778335
792,victoria,35.79127947956136,105.38849210481169,95.28037908307856
793,gallus,-5.592098061823696,23.85610468236898,52.63736299309042
794,euterpe,28.247764293615962,85.25010983770517,170.47218732786135
795,antigonus,20.139389711069636,79.21415840177012,400.98400126286765
796,heber,13.782540448566461,86.2062169981763,497.6535003821243
797,germaine,35.130998089223525,120.03706930499845,266.2041127602163
798,theron,40.506009348935464,126.62570586494381,557.0047586522279
799,alexius,-6.6507348545415,-47.14983716354607,289.06473017846713
800,valerius,54.50058516362537,219.36564350323795,8.920451598908542
801,jotham,28.308725428982253,71.24852175567686,197.65041724099228
802,constant,5.209080239136206,-78.49049338934962,76.76879330257154
803,amalthea,38.865510208646796,116.8034167739527,202.25154151392212
804,demeter,30.17723414429544,83.46841167607606,65.06767935080757
805,neoptolemus,-36.350108960697256,-64.41785600674362,39.10970236195399
806,zosimos,28.276841162571962,69.44368237599852,86.55444454077578
807,adrastos,33.2872293207315,110.94638257597623,307.8588721535744
808,patrice,56.81719895865805,9.077115861061326,24.6852241782034
809,elijah,-6.678844102180727,109.40088065391338,223.58820410096433
810,camille,-44.55355382638831,44.019390759726704,166.4354016610277
811,ghislaine,0.7052373489435468,12.830626042359821,112.02849398047752
812,athanas,53.97692514289772,7.74289035298893,141.21129822487546
813,marcelle,34.54560318727232,120.47580781758822,255.0778123587014
814,hélène,0.3656853050011667,0.7813911163296081,130.99726927988573
815,antoinette,36.18567931558687,23.778435524033345,198.63958252915947
816,axelle,40.73448696837118,143.41230095508456,146.42338327606558
817,agnès,-24.430932218315924,-61.13875231748108,254.66708666562045
818,zipporah,-20.927574406524226,-50.64158005850849,135.7373729609785
819,hrafn,43.82880610995677,42.34348582419057,188.6495157735936
820,anan,34.937184407724246,359.8823919352455,91.25232460358521
821,perseus,17.564226469080374,66.0836042745572,334.5531443323887
822,bernice,23.788671240855574,-18.979441448192564,103.88125688072671
823,danaë,24.828623378316998,118.58103245469562,152.54114299066052
824,atarah,30.28992154987515,-83.41260378546524,54.0864604338003
825,kallikrates,10.715933486766415,78.17900169433699,268.5076698186988
826,mariana,30.743472181651867,130.29975993944007,101.97972671831363
827,tullia,12.804729161410476,117.2014341796214,31.480180616582892
828,theophila,10.7895581200995,119.48828686120214,58.09760573981221
829,euthymius,17.715836428487222,89.51871149398725,286.57420165756105
830,aphrodisios,-55.08710545677363,241.9592888222835,182.96521403624018
831,barbara,20.060150864632988,-92.84754929489397,190.3645208814918
832,nikias,36.69915217221423,137.84915768661395,384.60778585445104
833,ethan,-4.874020844891372,24.23195792198771,183.0755353050803
834,abednego,19.89279560923796,-96.96018033076811,105.67519264169482
835,joshua,42.93448417691019,123.2113783657804,34.04536993616418
836,salome,47.48429726657482,137.62585041225526,151.73740334494119
837,silas,44.040152156397134,-89.85473484269805,194.12251104100815
838,yannick,24.86996330280417,122.36464175221622,89.99242231615506
839,phoebus,42.73832725591612,-94.4306134926078,268.26937875253486
840,nina,25.920311767865986,31.33906321150994,183.7526580276126
841,martine,25.876759098898667,108.67889251497074,363.85289817229625
842,julia,-17.845800162873534,30.904817419840878,205.38126241224973
843,modestine,20.320612671457447,84.73254366287577,145.46003308080867
844,mattithyahu,36.040763459059264,-89.30954680688656,50.454779142515136
845,manasses,38.86013479437945,40.982552028815476,163.32025093151987
846,adèle,27.52100731184895,-102.29159341196763,165.1955427763213
847,syntyche,31.273942174911607,120.6203022487324,108.78250002801792
848,zebulon,37.13063665291707,142.74549202799886,93.80451055673933
849,élodie,35.52961051912087,36.28776882361861,183.24009261306927
850,didier,-58.489463745321835,226.72864083361614,135.47147086684856
851,kassandra,27.858176826679323,47.50468984387852,212.11038710885688
852,félicie,10.20622056832388,71.76786004845161,297.8054780716174
853,zalmon,3.6990535520185857,-2.8583220234284554,212.21275174391943
854,christianne,14.968571516704325,4.538986518610721,242.81583183865575
855,priscilla,10.901821620462723,103.50755256988442,85.94519646754821
856,papillion,-29.343356468683194,36.77245644394617,401.0160642586511
857,ermenegilde,18.226321332188533,98.88939143902994,-12.747867518745622
858,diodore,9.54563262032607,-4.181430311956691,236.68085808510938
859,nathaniel,13.636983677012415,12.297793629349737,96.12710604596693
860,melete,-58.148639633511735,118.08610193933868,32.44470278675863
861,pascale,30.20171555395925,-115.48453800893685,191.97872975909098
862,éliane,41.03064795061401,-7.410348507030744,187.91672883460626
863,rodolphe,26.160054326842545,126.01691953898423,148.24680386975797
864,albertine,18.664491629751495,124.14131417605593,271.4963965394658
865,hengist,56.68852681996835,69.20076569871883,42.94592341282207
866,matthew,15.421102648790722,-97.76086876368423,49.5197531355368
867,septimus,-17.791221853645173,21.760365325085882,267.63970850564425
868,tacita,29.069186331754974,123.68147617957042,139.41165668881695
869,nefertiti,28.65898942970198,73.17615344565301,196.76063034013612
870,ireneus,56.21445529544761,324.73952414573256,48.62410784644996
871,rosemonde,6.508130249247506,-72.78084784110067,126.5542082712227
872,melaina,-3.9147882354462302,-39.93912768275766,315.24364529728257
873,modeste,34.36863807661036,81.73588829327277,241.71806871053252
874,lefteris,-37.011286053365055,16.373043789951563,44.8361767604585
875,magdalene,47.27969072569021,14.9159399791455,328.29865074544045
876,jehoshaphat,50.36608804350408,12.182620325811628,152.10593700155232
877,helah,41.60032418464112,107.11587706299723,120.5364620983492
878,alphonse,-32.20502128390041,-42.654465363503114,281.8994780643185
879,cassiopeia,33.061702312997454,120.26827319862042,55.482118490901286
880,menahem,-22.245978243059195,68.96082140565275,275.7734072543916
881,nikodemos,28.781039731688814,28.50758197995453,124.92178718891961
882,diomedes,19.217745957744423,91.30652496799868,22.425523499903782
883,hades,34.05188390021191,-2.8940926881801485,248.3780375980191
884,spiros,-13.730992268081954,29.73820158349695,348.6668664053402
885,mahalah,48.43586253125221,125.00334579065982,2.2942768195614036
886,menes,27.267007996892605,104.54157357449081,221.9950612226642
887,lucienne,-8.687527520011374,17.105011496225153,178.8236687339806
888,adrasteia,42.2901393917508,-99.39925672831848,109.59154031643547
889,eric,39.67783551590753,-122.06392109799935,64.26728335848618
890,eran,51.722060615380336,23.096835800791084,255.28568644363793
891,ephraim,40.177196313814285,123.98381360966039,346.6772582086061
892,akakios,-6.237473709510347,104.81841685546732,78.58665513971334
893,jolie,39.87799311819962,109.81783192564603,321.526105769033
894,joel,37.89041235475823,124.69843033846789,352.4301028465642
895,ninette,28.906645674703494,125.31996884633148,218.70827360810358
896,carpus,41.81530266990395,118.97440396909691,343.14321570478126
897,maximus,16.40122285003311,1.678724736410278,45.18907099518354
898,amenhotep,39.18024276971684,116.37376046368634,127.5200865942814
899,hero,31.847924901699976,120.21715488375945,-6.3656955520668035
900,calypso,-53.337785538505585,174.8015180583047,-0.9373432698965232
901,iacchus,-6.841383465915732,105.03665588380389,423.76533521130796
902,myriam,21.935052522011063,119.60451785997594,318.9889070002066
903,nikomedes,35.0213825668242,81.77707726946923,295.4033511726062
904,teman,52.83912980154331,13.666932117514417,171.50562964734755
905,hebe,35.30511931267405,120.33078071621469,-17.528191615892034
906,ioannis,12.72564256008009,4.167771501941334,77.92746088812444
907,herodotus,47.19333363267347,15.556403309754907,173.61385879590378
908,damaris,19.265647321492338,115.58468913955305,54.00101449630809
909,gus,10.92881261578465,-62.476956856932404,413.4977304279275
910,gad,19.828854317256358,7.7120630283572975,35.93984214795036
911,esaias,-37.17543514607348,152.45432889245149,122.98752255461542
912,dorotheos,9.35101835419075,1.6499228234083778,140.92137396409203
913,abner,28.860203302971822,97.38334064054837,114.11566243288397
914,rhoda,45.64132848996295,121.2845178747075,286.3646071629528
915,esmé,39.320012759814716,111.01551457353695,161.96356967653702
916,victorine,42.226072385177154,131.00753804884943,-21.617448126238106
917,nyx,19.581354317233632,90.54856204590658,55.326053448117975
918,marianne,8.430221846223398,-1.2937451322371794,167.99674788977038
919,zacharias,38.85908609648992,-130.34385358731092,64.02455083074494
920,jean-marie,56.91034325781452,231.64927992110347,78.10538207670277
921,evaristus,40.40357477479006,112.46211095442027,60.417218530608025
922,noella,2.107625455605515,94.85947024382534,112.36270536966342
923,timothea,16.18274617371379,84.90042404437358,151.58259491189838
924,harmonia,20.967411976366893,-152.8626560383868,428.2019876107771
925,gwrtheyrn,21.921423292833826,-67.97971566909624,383.8142785109282
926,patrick,54.34690778898922,1.7916160305161435,185.9100145092374
927,laurentine,38.29683859028582,-88.4891620309476,296.701966084694
928,zeus,27.8199961841475,113.22506501563772,203.21152783750367
929,þórdís,-33.402971530199835,-63.127434760003894,187.56777769287683
930,désiré,50.0757733295658,168.9273410325754,22.975713486435858
931,abel,4.602076026375182,-0.0430257460511339,180.00371699159467
932,secundus,30.388517965679956,130.57825715392204,99.37744409915979
933,androcles,35.65966509282448,116.22355025258,85.31696664439835
934,gervais,-28.59004072553441,-51.065275328341606,131.87270873982158
935,zoë,-37.90095792871456,167.2071991283355,265.57231542655074
936,astraea,13.78754777092437,31.84597029373567,75.30115349391632
937,diodotus,-32.9491494138954,-77.57787276665981,244.29202946372175
938,enos,-25.74230610464529,-46.463208678328016,245.1645360563769
939,anastasius,38.22625944920059,-0.7261218822365937,159.6534474746217
940,havilah,56.01049138908997,222.64503906120828,121.3857029704262
941,emmanouil,28.074655205339592,90.54349613438332,130.9739330245803
942,mirabelle,25.843188878895624,-103.55422873516399,192.80725057620728
943,simeon,21.453832399570484,75.17508967455987,83.37613097861518
944,lisette,40.169083652565604,-73.1066120274311,10.80508818135744
945,hyacinthe,38.390233135311796,-71.77149212183048,248.04648024827043
946,charles,47.4247053277687,7.708270378484107,212.1582536096695
947,asher,40.29772894387574,44.819499827686016,295.52280186426174
948,hilaria,14.562516538133892,11.717103528959223,156.89169034428855
949,jephtha,-27.7120114151684,-55.360625684358574,309.48426536845193
950,fulvia,9.79479209197393,152.70792042908863,78.90297161378513
951,lunete,30.6622757020839,110.51591845963904,99.27688848899498
952,fortunata,23.522015208734423,-112.71228364598744,280.5877575424568
953,agamemnon,38.946382738234846,-115.70260668206114,158.51560154387377
954,rhea,58.65056636998185,63.294502652088944,74.57212895828714
955,christine,0.929948198981984,-70.28241672950311,201.4365427969606
956,hippolyte,41.54141457578206,-61.808979017238435,90.2682136707138
957,shiphrah,-35.579037369261854,-67.33460192024616,115.02410357745933
958,clément,21.377551661386757,94.29537506841642,124.89665199605224
959,pamphilos,8.424511672913079,-16.919099305421785,153.06242927157209
960,andreas,2.9561975018956037,34.7951094325747,92.08512068097441
961,victorius,30.840108354007324,77.76854112193617,294.9757481650109
962,primitiva,25.101300476501443,114.25963716904448,243.90998429172527
963,arnaud,39.83206963544476,-6.660951328814,75.94174150689113
964,thomas,26.3190235839717,116.07548479184251,158.78051524464806
965,naamah,-9.294276948504177,-33.55582747242386,54.82317292682542
966,uzziah,32.919957287751075,48.17904757823113,65.42604972377374
967,evander,49.12557972979161,42.28018596639969,233.0597422622193
968,régis,42.09527036235032,122.74904283338704,86.82928896756344
969,ismene,34.2859993165464,142.70023065510748,49.42912628607314
970,stéphanie,34.914033625083,275.19702773706763,158.4574031459571
971,mehitabel,3.3991042545012085,5.7877095928659985,260.51624700146164
972,daedalus,17.556719325975884,75.1152046517145,33.53680130988
973,silvia,25.957526837074962,68.98473802367543,218.0192546641514
974,antigone,32.86605312750508,24.73651237231783,210.24639098109625
975,nike,-42.596558588435926,134.1958911954486,75.44237548263592
976,jephthah,12.45418005942228,74.50877409169608,88.9697313942307
977,auguste,35.71465618825154,-105.60908145181851,122.27009553719117
978,persis,15.557432363746557,68.86304917257996,311.54934618441
979,nathan,-11.809901507773645,-38.353335797988514,244.55428402240926
980,yochanan,-35.155827675414564,172.29004152559466,141.8473032577629
981,maurus,39.68013161463215,36.640057776225675,138.16016517228567
982,pascaline,-22.69654550717158,42.51624430736225,107.45717490448607
983,phineas,38.5365236206158,-124.19143696810373,34.06800274084404
984,marin,-10.083691827915167,42.518798980166224,254.28430034017435
985,eugène,25.2699045669888,99.21881240110771,257.0384353829094
986,joël,4.830014757895143,100.45352084216445,34.87222558050087
987,éloise,23.122890228743668,109.37743089771674,180.7658207843227
988,rahab,38.42682792396219,131.05415084430624,85.83502694798882
989,jacqueline,-9.245060510363016,11.186840872344003,289.3016746521822
990,aimé,4.714551040656279,176.54746264733149,222.54194701126545
991,ariston,35.55628313454209,119.38433951883847,65.48194118865587
992,kyros,30.62210808203875,-84.92792156381448,35.62046049869198
993,pyrrhus,2.4205049899232156,32.42526080993904,183.05003566423272
994,azariah,43.18474276993294,99.71130087422833,-16.248715637671275
995,isidore,33.35247599524376,32.70238021814526,91.78749587831183
996,vespasien,5.465841668550858,42.416698395768385,252.54831313990871
997,noah,16.847905553425512,83.12028992790567,26.8569701353843
998,edna,25.886554597165095,118.6059129021985,259.06389195874624
999,gratien,23.40108542552641,103.05171919000817,102.00292120365677
