0,eric,1.049320391357253,303.84249783476656,117.74774525024387
1,denise,52.0411806591963,3.3983201678941186,244.58373201804568
2,claudine,53.38797258492061,-6.188393246217326,120.8361445746952
3,caesar,30.27871076842897,19.766395587042545,33.54640993021371
4,marianus,55.66679408036075,-10.592720217950838,290.8624140754834
5,ephraim,49.09164275810392,189.6645580350813,326.87088129163544
6,uranus,39.57364888891407,-9.746167319983355,337.27064551902475
7,florentina,30.77276013883071,6.50367821625252,305.18538773612846
8,livia,67.20504050066886,-4.079485987304553,234.35628557003406
9,gilad,52.98815057415347,-17.387125762567543,146.91307979076117
10,akakios,-31.45931720376698,201.59963187095937,146.47649304613046
11,timo,47.62798767902957,11.977773571903263,281.6484178238057
12,uriel,70.00880071301859,5.731878861540429,380.23516733435804
13,azarel,37.157017895715256,-10.68955868914295,224.39881795584043
14,léon,50.03578932507023,8.651375991469923,296.9944617754967
15,jolie,24.936801817592297,98.57987539473311,172.78837146471625
16,apollonios,43.62351431576864,20.14143941278733,151.66592480345386
17,klio,47.67081854562089,26.84478056780199,96.89502344326459
18,émile,62.00271910051825,-4.336441293976388,126.13095271736194
19,thibault,64.5512965278225,-8.058228271232714,4.040272455093032
20,joel,-52.548178526653714,173.39516611673454,567.1892772790992
21,crescentia,65.392298907309,-9.53449829856072,187.75019619709641
22,yanick,65.56208809587591,-0.7119758344296443,222.37974656778138
23,theodosia,45.1562124790038,-11.310047442321334,-10.877424705972654
24,sara,58.50084946181191,13.026489151739188,47.15992449330305
25,ninette,37.92133518350723,150.30272002459714,181.70093038269755
26,adonijah,56.73844822847438,-4.016036853011819,154.2749787459909
27,adrien,42.00981920969371,-4.55235732298752,236.85390426926807
28,vita,59.54892464539407,14.351522788992959,311.14990394982016
29,perrine,56.93271413727793,-4.315961579454718,231.59262919091543
30,carpus,54.692840646864745,118.42771693277143,306.3308778256731
31,phaedrus,35.06405847764317,14.748095677610456,220.84364291671548
32,édouard,29.357887014179163,-19.283891712250757,261.3717738642172
33,céline,39.17753103438388,-1.7337837926808048,312.82685938473276
34,caleb,49.59217935030041,-10.282250791667478,133.76916109397334
35,maximus,3.674196391740593,102.22632975989579,437.8202660249177
36,eugénie,37.842440424081175,-22.964981896830924,76.16222488053984
37,raphaël,24.895518574493614,-7.585549931224651,40.02333669102802
38,philippine,48.22504042853406,7.348227004245926,168.17828573892825
39,laban,43.570487059517085,9.621230130406166,301.09304030343526
40,amenhotep,-49.0346816986766,71.21186438303049,171.46440916664358
41,irénée,7.173944570657063,3.264878821089657,61.68814326649998
42,abishai,60.60449643532948,1.9092880139879698,274.40667239557746
43,erastus,63.005190507390374,24.561989452182463,171.27111149816486
44,gwenaelle,45.288324642975915,25.255833659740695,4.817692574702654
45,hero,26.36416443311949,286.929315019252,195.57792895550602
46,agaue,56.777808986671914,24.778160266296254,185.37750288111403
47,phyllis,53.60805896542844,-8.66015317037317,147.6267914471441
48,colette,36.15930689093825,2.034557996233672,52.626234448650465
49,carmi,62.57363124516074,18.19187254185053,86.45333072543833
50,iacchus,31.54616298738105,204.49710409702317,112.65017957523847
51,nicodème,22.429633972166567,-0.25431463280356076,104.58112960157644
52,bethel,59.47634658121731,-8.64769143275136,217.5307171305803
53,loic,43.47008077956479,9.762859043630428,137.60528753927068
54,philip,27.743713529075812,1.8629500231084568,347.03944799524527
55,myriam,62.63945399453632,124.36559982199158,17.576816055075028
56,selena,36.305384030798955,13.615694454067196,407.48902447400394
57,hazael,46.74231418751336,2.2911233549315804,102.88104793656598
58,hilaire,41.70454542968967,14.121261686018482,151.3725331435305
59,kyriake,54.623402447964324,28.86995081635902,106.08095682434617
60,nikomedes,20.47343923150826,65.23880852496022,151.86984131889827
61,fifi,44.19056750678078,19.859394182627177,93.42738807867993
62,melitta,42.47536773582369,30.75662590216498,243.4140405105329
63,gennadius,41.24304339696715,1.6389044905760228,199.0539168267911
64,nekoda,48.198986968363506,7.862844419320302,170.32093042894482
65,teman,-37.63705211214036,218.26368179710173,311.8753373118086
66,fotis,42.12580661560305,7.570904884836622,157.05201694191967
67,gnaeus,69.08581018090639,28.879640890496162,221.73537885225997
68,aristides,34.10971175163715,-13.957649909920068,369.5238571285507
69,aglaia,59.33449825232503,20.628407866207784,164.29780595161904
70,hebe,23.913498851475943,204.24769189543989,43.05267945183677
71,lothaire,38.532164626312635,6.68718280705091,159.07494860857045
72,mordecai,55.48792985126092,6.226508694124206,82.19199796377883
73,issachar,42.385358396714736,20.894214958228297,232.55440634153666
74,juliana,53.228202307226105,-6.682334208613914,393.0120809822645
75,ioannis,-1.5158449251773227,74.1367150471665,49.56067390634239
76,eutropius,46.80232390527221,6.646693346993347,153.2846272773353
77,dan,22.71485946343433,-26.359335707064485,155.5726739073999
78,polycarp,59.83351353720489,2.952139433216208,273.3627068456708
79,apolline,65.93241846663896,-10.623610119123986,130.16865329564328
80,herodotus,-50.8681921396908,269.0531243589585,90.03024552267017
81,sherah,48.244266124338644,-16.922767325458594,115.66199061851455
82,florianne,42.07203492364165,-12.817047991308128,205.0875166592751
83,isocrates,39.51292058317304,25.472712381199152,56.47590164413299
84,philadelphia,31.478217206896087,-1.4424681065468261,3.8944901914263284
85,damaris,-25.306109382057333,99.53175295836998,181.6955600778324
86,clitus,28.086376660970018,5.1537422264808335,151.35773741879143
87,philomela,62.78400898284796,-15.582245265595827,244.87245375088793
88,lydie,60.58526180166869,-5.505207740324246,114.3849023096488
89,odile,64.99468443788462,9.205837149308865,238.55355332851343
90,gus,23.24933803373698,229.4295547763508,54.642766543683095
91,priam,53.28901637165006,-11.125646079615624,215.63193201522435
92,tirzah,19.77646740520443,38.18723210863196,178.37306565413644
93,esther,41.88178704625968,8.258110145540353,361.49192960362933
94,gregorios,23.342578399611487,8.975308775228472,89.29697431911059
95,esaias,12.927487004402915,99.95826739047376,253.98686499648596
96,urania,29.548589815544066,29.10926209277826,90.63329378682161
97,agathe,45.26197497733281,-6.196638477350125,122.85343204949447
98,ham,30.1298447313097,-13.598375106861555,130.65851517446916
99,matthieu,36.938618915609496,-1.9804434245642804,88.28484184978439
100,dorotheos,45.09157986685605,284.3885254933304,146.2860427979926
101,abidan,65.53997422231512,-0.626613179039533,278.8214613600301
102,lucie,58.77239874909113,0.20364123516884713,38.98757567852755
103,elpida,44.05788220043913,8.919204509762116,7.887966359908376
104,theophylaktos,41.05404093191694,14.712714090734044,133.5382100473098
105,abner,72.31507642784196,220.5266030855117,154.06092338061265
106,sylviane,26.324227095584323,2.7565291767446163,127.24348103117859
107,noé,35.904824653349074,-27.322499871607157,20.045959335012554
108,meshach,55.802100972832385,5.070290249027729,234.55744350569557
109,lysandra,41.62864716814004,-12.187664974049762,34.48250348936193
110,rhoda,66.6191003825742,148.4018424448991,30.685989305903654
111,telesphore,41.17252681823621,10.3236428881563,51.275838157911366
112,natalie,57.172088505067805,26.39912291113808,80.07592064490576
113,yvonne,35.27671968314991,-6.589997572716716,301.6469757696636
114,madeline,24.219958528910745,17.955409977598027,175.63742701677126
115,esmé,12.247775561359093,70.66883845199465,13.546218005500407
116,bithiah,38.51577262307013,21.068675607405147,272.14290402519237
117,françoise,52.101339025242225,-4.307792835828279,454.05495845303034
118,tacitus,48.59889990680704,-14.258620903760534,54.5107333614006
119,apollonia,57.65114562428164,-16.01686073978157,186.66675124313613
120,victorine,20.185137040975874,55.55070640308816,280.9958924722553
121,saturninus,54.134616040884154,-8.637011861097202,25.270307472278176
122,urbana,50.1072663590014,4.934263182402303,93.91512385257258
123,iris,46.31823710262158,3.8853774452284227,15.355070112865292
124,rochelle,47.725316169781884,-0.5125424883115214,283.2386224655138
125,nyx,2.2899351916003607,91.26751931084097,126.95627196118394
126,yannic,19.059636142604912,8.47976975937576,34.65596082128515
127,daniel,56.967475323954005,3.7473540664483687,188.12025677827486
128,helios,42.526540946634064,-9.845569158530381,190.66588644901222
129,athanasia,53.33966965475536,26.891673759302247,387.77674152198944
130,marianne,-14.520979202863243,282.328017787916,128.60399988908438
131,laelia,56.05736709867507,11.849138203925643,103.51635488520293
132,lavrentios,27.63035597477012,-20.276732477773322,324.9233444494753
133,euphranor,53.035136191061,19.64606321607399,135.22476170219863
134,hosea,39.227712453295425,24.13696655691674,218.2052506484008
135,zacharias,-38.407115624818,0.05930287313671733,110.29592904112081
136,vasilios,35.39808413801729,-5.200182368872375,123.55105880640198
137,cyriacus,46.70196362136037,7.380566587390154,261.7333566043327
138,marius,33.80315032670444,-13.513417663849342,78.19142410204697
139,hubert,44.725911686798995,11.287288749986955,2.9427456814339195
140,evaristus,-54.92863926763697,148.79175092600343,271.3958833768608
141,abisai,48.170427653346856,-8.609597919841562,262.06100542859866
142,roxane,42.68735851275349,14.283453277741497,78.81142793361616
143,eléonore,63.00795611455571,2.8822195296238484,86.88824848632508
144,amarante,50.57376538179057,-3.923910399594993,154.44982273013872
145,noella,7.276617696609194,281.277978036676,147.0618585824515
146,zephaniah,29.22428352226551,8.00103999136449,246.67212541812967
147,achan,44.79413599395344,1.9989435554202604,300.5518424990393
148,clytemnestra,34.09053654609728,15.273125420316873,190.24742927869764
149,louis,55.89419491005919,-9.99827451567769,210.2783327490134
150,timothea,3.726645203448757,350.8521900608403,340.1041940607172
151,evette,39.16805333570646,26.928803155799017,37.786960576534085
152,björn,37.55596318182255,0.3737187920268122,152.52280143169685
153,basemath,62.69200688182101,33.400292157051304,283.2451068641934
154,habakkuk,37.856955577832274,15.068431328995745,287.2057953226959
155,harmonia,-23.301504762487703,297.9093848457083,322.41456816805135
156,marine,29.80151883591704,-20.84366075593871,262.7235912948773
157,aeschylus,25.400336545032854,15.150588011194747,156.39547303239164
158,antonia,52.1672968422576,-1.2288124996382555,273.77335065339344
159,zoticus,63.55224729294394,11.995655247896464,220.18694623839048
160,gwrtheyrn,37.025284991485215,128.48180660901582,397.4557085504854
161,ianthe,49.41259172649542,2.1618875042255965,39.06805321182017
162,narcissus,50.54394053113623,-4.603783404837733,146.07210611636327
163,stamatia,43.836253113624586,12.53040389324975,205.37151102796437
164,straton,59.07353096312196,-21.47808043081967,110.67234837194493
165,patrick,-32.10979058412781,307.8215751788759,373.4692357931601
166,judas,41.45942980815503,-18.058588669502573,50.385160966210634
167,alphonsine,63.65257927207509,11.84021646220639,87.13019090441847
168,anastasios,54.83816350207281,1.043960662168784,65.39690431514467
169,nephele,68.04797111645,-9.052104639365046,155.4778729947384
170,laurentine,-0.8452163915263824,254.2492635390785,160.0540966111542
171,varius,34.03591423040102,-3.395579184823729,109.97801630698282
172,pallas,44.08722785382768,13.015125869255483,272.27553576231594
173,cleon,39.64687602802171,10.281276154891948,41.746904416580534
174,medusa,22.61071211996696,7.721496026097128,156.76524205383924
175,zeus,-4.566477586293073,170.2324659207873,117.0273717771939
176,vitus,46.24777121567173,-10.028148396379011,130.69233046180426
177,stylianos,26.80904739271944,-8.527609712203152,235.7438736587472
178,shadrach,39.355764947203376,6.355626376118752,121.3922339949564
179,melissa,46.63479187889966,21.357758754988655,138.54141394325268
180,þórdís,-54.58906659003655,164.3694182431943,88.82851224424348
181,gilles,65.29109244975875,-11.81901423750064,88.81333335092023
182,jethro,49.67410867072121,-4.803956861212786,47.06863979157501
183,fernand,38.399596776326234,-14.435278145025022,356.90975516656357
184,jubal,51.57361610628027,-17.682536249789745,120.75478212150074
185,abel,-56.1904174274931,194.9128664829157,26.709056174010584
186,ezra,62.074692631392935,-4.35292516027769,142.62068181963963
187,eros,46.05021616174824,14.362457093386828,328.5836013438058
188,alice,43.4417888894503,4.0823088347476615,125.47522484135945
189,bacchus,37.60573353425851,-5.349792937308284,132.43537476137413
190,secundus,10.285899552459687,295.9196180308487,240.54110645558092
191,anaïs,11.539349160159553,9.596800522798594,179.88745991970296
192,rené,33.14152842679596,-14.627920556154082,86.99098590717394
193,christophe,42.17204003245895,5.166129912188243,319.60904324604735
194,zoé,57.64725833883507,-1.564770417664396,317.951966918569
195,androcles,60.428089707654834,147.73818801368998,208.29516962672145
196,adrienne,48.200012206237865,-2.2413624951421673,160.83301774706578
197,sylvain,63.13815985372547,-6.547605715499993,186.4199255529506
198,theirn,28.673890293865597,31.799490777467,119.96528297398578
199,clovis,55.66192536597753,13.884850478078354,222.19797323854291
200,gervais,10.004342782266182,240.1467515243339,11.78304281081536
201,ashtoreth,70.84794528374674,1.8842701340788512,307.1223526031439
202,methodius,61.97453581087714,-8.34874505040346,69.14686486461673
203,amaury,42.28147962151784,-2.587592264854876,126.97529518508907
204,theocritus,24.941446559818107,0.6502947863939286,75.06242828656414
205,zoë,44.402125911947394,345.6369546249338,234.0152235977631
206,armand,62.333639451207056,6.479983237373511,58.3485139326709
207,boaz,67.11274075815224,-5.971919144158936,103.96903294053791
208,sophronius,55.29468412987888,14.843669920351482,262.7262437633963
209,rachel,59.329341730217074,-5.149977307729424,94.96297112784973
210,astraea,11.559966577209616,105.79522319240336,107.68886270744565
211,shem,41.873541062112466,1.6364387042821176,47.65650722901324
212,dionysodoros,57.59156197440241,-0.3560043104275095,111.11694997345901
213,héloïse,45.95517957754506,-18.905720088413357,34.52548867609086
214,alexis,49.67096512409414,13.021017590839664,323.00518958757044
215,diodotus,-59.16671072399562,112.50744567477892,138.07978640862126
216,demon,58.55798251953209,-16.822541339788497,170.99678146971763
217,miriam,66.11349962991518,15.317342451537076,239.68945128319336
218,tryphon,34.65548931811247,9.498074902149996,110.68047093041872
219,dionysius,26.911903513737972,3.7015095631260726,3.3196935000066503
220,enos,-3.581917652369014,146.44106346006578,112.79358176963507
221,lambert,43.99017493930888,0.4646852101969027,243.46890027686396
222,constantin,45.373230462174085,8.416073794856395,233.40337031522074
223,pascal,60.703715086637466,10.767041266889779,348.72466555086464
224,phoebe,58.91653795167422,15.18814914965981,321.43138948009545
225,anastasius,-12.525659446890963,298.4585833430608,57.37275704369655
226,cosette,43.3881313995407,6.108076771708391,156.2865478311384
227,eleftheria,52.647033205049695,7.560537159289887,291.82263907888216
228,tabitha,45.03805735721478,-7.113154284606051,125.6661619240499
229,pontius,58.79665377827293,13.132152074937311,227.23614338517785
230,emmanouil,-26.402714695610722,87.87935351472659,37.514891344409094
231,orianne,47.52524350149716,12.903320748893492,95.36409772530945
232,camilla,41.78738350484734,2.7679872092121647,2.8768311667924564
233,diane,31.352150203713673,-27.49785375316833,230.86984494965702
234,reuben,42.34116998502301,6.669314422213064,29.78430795437587
235,mirabelle,27.558503399854565,344.331043594878,2.718074225124937
236,quentin,60.51305954378507,-0.44309274966944573,77.5322335993585
237,dionysos,66.54564460256533,-7.744853817952719,235.26220687735594
238,margot,33.41364441087117,-4.880862631807341,191.16327079367326
239,mélanie,64.99954056605962,-24.233897464188402,288.24060425866884
240,simeon,-24.87580620507027,151.3734526820777,-5.827561821698264
241,draco,48.75415185426716,-9.615675070317723,297.69608035873165
242,julius,49.19605561305117,-5.53134309147777,342.0285892349379
243,cephalus,48.06700279971558,2.2458670355015102,217.28764653976873
244,democritus,35.3940209501977,23.226543261672884,167.24969126491186
245,lisette,-62.22241246664885,43.09864404931485,306.4610539317509
246,anthea,68.48543976947263,9.13805991178521,38.02126951764069
247,ehud,64.14059126523092,4.287044924804469,169.67751572406493
248,christelle,68.51279125862946,12.332824001564367,161.08095993191995
249,herakleides,48.65412971105646,27.610672179089576,8.844757495485439
250,hyacinthe,14.97067458370476,318.57429773229285,16.810001144054908
251,michelle,56.36386750092125,-13.401987841728708,163.47164113929082
252,sextus,68.32331003654335,8.125565427042059,35.18153691525936
253,tiras,48.02900104171238,-18.96156528343355,71.47614052889374
254,anne,47.66872363909595,8.436636915710409,95.78157870926138
255,charles,-20.73254481157995,120.58071292382124,306.24338097416955
256,toinette,69.97383196371993,-5.920509026978142,155.6179458533775
257,césar,38.32065415790258,36.81118857075216,19.52312423226386
258,damon,58.70133443909412,-28.898572538656463,346.9959767410813
259,orion,39.27807114327602,10.628255413497193,268.0267347612435
260,asher,33.77252438370931,188.3632613072055,103.79551749155462
261,zephyrine,38.2848530666635,-19.19692868568313,135.0205249179677
262,othniel,33.75778377794002,13.304002165063903,264.47580118961616
263,pénélope,50.425988881304285,-22.472156952231458,131.64357577184708
264,leto,42.212899192351514,21.14901109037469,337.0702445179999
265,hilaria,39.17264616372571,79.93034696896537,33.22896117815569
266,elisheba,39.56614549404591,-10.133966553067177,328.3621614048683
267,thelonius,49.45050851480895,16.333073360292005,88.33123828128873
268,hagar,50.189197588010266,9.52131592692152,115.0128709381082
269,fabiola,60.950005269690166,0.2217009522631513,160.9933938178619
270,jephtha,-31.755745962989216,267.33416704320877,41.126901187416095
271,leonidas,46.56548573746268,-15.507008445352058,218.65124536046775
272,abital,31.50031975643646,23.228912746460743,264.3376890310617
273,mahli,23.87529970531297,-31.659257916984146,108.17218366772974
274,horsa,29.77606115918118,0.7648759936220174,117.77477188912522
275,lunete,-69.55094131935545,144.47743630493,287.8546250028468
276,faustine,46.644101675832296,-7.965959476505577,385.8608009009426
277,ananias,16.784287116479195,10.291384365346497,155.09382689892846
278,corinne,44.174548688587244,11.095114517807751,199.4670596117824
279,jude,57.655951248617356,2.6088585431579574,95.36336261582903
280,fortunata,22.10559992574942,53.01778226434607,18.20312731514442
281,adalia,54.64335021832647,-16.510350564700587,121.87947897084274
282,jamin,48.605346013574284,-2.5856355728317237,16.071691327753307
283,lucia,34.44268125549935,27.240467520812672,100.39134396364219
284,frédérique,48.83195096657474,37.00902705229566,129.58785327762564
285,agamemnon,-28.05262619524434,45.47761566248772,157.01922351183063
286,epaphroditos,46.975073848738916,3.6685778510881106,317.6623061195229
287,aurélie,59.71757418027079,31.92621163852124,214.83884338630145
288,hezekiah,37.47465849298209,13.890209090126552,24.04048070105845
289,damien,57.35846045249648,15.765107582405467,24.971975198331954
290,rhea,-16.250450454306087,152.3767029380703,56.654252502653975
291,gaius,48.131774157497375,-8.176919391950497,176.02928139182924
292,léontine,47.89321386854271,-18.968487782681926,54.26131527214534
293,phaedra,67.90208861970079,-18.869685687519357,88.69993521484845
294,hiram,50.86159355761104,-8.839332843868549,135.52994749063836
295,christine,-25.34128547334601,317.32496233860917,157.10260693516528
296,linus,62.88048126550044,-11.431448637982555,139.78854157616726
297,jehu,57.111573500958116,-16.40115221726608,2.9344888092741073
298,marcus,57.17634556158074,-10.823239445371492,260.84852100524944
299,haggai,65.94582452397643,-0.9865364667894078,230.71942423792967
300,hippolyte,34.70356808420535,13.301686717945834,364.9424302744564
301,sylvestre,41.399487344420535,-29.51409112655416,34.13795305967196
302,emeline,65.2193784682535,8.648097833058392,148.18913225594878
303,tamar,27.996795947109852,-15.896783551937867,94.62584111247983
304,rosette,50.37330939013688,-10.093449000054102,328.4507186162071
305,shiphrah,51.3431016665208,102.72389954546725,25.703691734815934
306,dorothée,54.38889211965425,19.063147812372097,63.970307641454696
307,herodion,32.055920980165865,-19.631226274043858,137.13375635609816
308,gisèle,52.24054177116004,25.459150990630846,167.71677729921782
309,linos,26.70680053553122,13.933318417126987,58.01878403733919
310,clément,-62.53099930115961,128.84745197158946,102.3045240713283
311,demi,45.997782703537446,5.6652266774562205,61.32059714655068
312,artemisios,35.98874350273332,2.970482151216868,272.30877078744595
313,micaiah,67.81189767848942,15.894780146794098,128.28186137677008
314,toussaint,45.25439823755321,36.81690719560463,167.27559086153997
315,pamphilos,-3.8270543586986725,337.4704853350077,498.9177088492686
316,eudoxia,36.13911704742195,13.01178428973493,116.49358197252366
317,cephas,44.06979716330681,17.450078349157614,70.7491365570528
318,aline,24.902899116542617,11.29374570523277,77.32084578982246
319,joceline,62.23263796316871,-9.914494264779501,222.32411024971663
320,victorius,62.4785648182502,154.70350735489006,84.9507432113104
321,maurice,22.195136656631284,-26.26742316151201,177.52435557829693
322,euripides,30.30305657119099,-18.069519867192128,376.78678661167066
323,jahzeel,57.004978212842644,-25.014941608574908,8.421733819868479
324,odilon,33.91737990394217,15.927168106574763,222.5763029728651
325,primitiva,23.64307479023091,254.0394370465133,343.40453396613526
326,henriette,46.325175731790125,21.336911534760723,262.4981042080974
327,claudia,38.71191800965089,-5.5292647717489,227.54877873451727
328,miltiades,46.27617511468346,-10.971199505949496,321.5131683905635
329,angelique,53.03417892406904,16.279335782866255,99.8470555638408
330,arnaud,63.41897153500878,260.4226922900958,64.88585813093752
331,cunégonde,41.62948180370942,8.065801859561384,84.18715061857338
332,icarus,58.53631868392179,25.32287676006486,200.05580793227708
333,polyhymnia,53.096684567029534,4.285730125342479,110.02849157356457
334,aurelien,21.47879454054905,6.42617604150026,330.6809114875031
335,thomas,-60.040110539346486,18.867080144729233,58.62242990678526
336,blanche,50.72241378474497,7.63389511004049,201.7566907531459
337,berthe,49.67030848370803,7.126709325900145,70.72057089103683
338,huldah,43.9329847521706,-11.002164761001227,54.26470068205717
339,vienne,46.95409608548796,-4.050704370322706,4.740012361807423
340,naamah,-47.67960684706432,50.26029053622289,420.73872351069843
341,gilbert,72.07454641290639,-4.2471246562425415,184.9312544731257
342,erebus,58.0903368060695,7.986989348849715,38.67802117738634
343,stelios,35.44042710086042,16.848114479393498,24.382946672503287
344,shamgar,40.947696726705914,22.191768986438895,223.72156825907973
345,uzziah,-33.49513422713882,207.13767520965507,299.54869383080603
346,geneviève,72.21853499485127,13.150047506500156,284.47515274174606
347,achilles,43.65044594713296,0.9889434506170771,153.0665490182995
348,stephanos,48.651076409514936,25.83635136972528,91.72668421701773
349,demostrate,27.0053551154542,-12.082401485565883,143.04257343199424
350,evander,28.13386831240318,92.24682871427912,428.1572567866295
351,gilberte,48.575540113246696,8.78134054935293,34.305507135991704
352,asklepiades,34.85118714199807,5.376838268474755,61.82511230168309
353,morpheus,44.90112019562349,-29.89100502784487,335.42053235892917
354,madeleine,52.773516620947454,-19.783965677857214,104.17570742737624
355,régis,-7.286303984545378,231.87687946464771,143.92460792086266
356,athenias,39.84690776821597,9.924182831726311,332.5680076113307
357,spyridon,54.304325193856386,0.4645598351499295,80.14617063755594
358,asaph,22.299608576315492,-12.143912579014007,376.750872426419
359,alphaeus,53.77551510264529,-13.586174941015223,99.83109603702621
360,ismene,17.168394311269097,169.71455921389912,130.77518511749773
361,beulah,71.81976494722615,27.241928854591354,114.72722754028675
362,achille,56.33513084252535,-9.919178739201467,124.6345900619068
363,þórstein,31.827622811373015,36.2434801878085,209.42618409561825
364,diogenes,46.423251456700896,0.0012256610843046404,272.1376088903626
365,mehitabel,-68.19976332218076,246.35446380854444,72.34480242419808
366,élise,60.904108984811465,-8.955210237776429,172.76748886143338
367,delaiah,40.49275339312391,-0.34767957009207284,235.48718392335388
368,adonis,29.815173917199097,-18.5218665958219,236.7210051029545
369,epiktetos,49.04108615507354,-8.32300828044106,282.3022004544573
370,daedalus,66.5438670534983,91.37788986792229,122.1410036768431
371,crescentius,45.120014678693046,14.126067800827213,117.52179987470691
372,valentin,63.363051401157385,0.7118110277383219,22.66612006508464
373,narcisse,56.62102632982034,-22.838787134596792,159.34608788975726
374,chloé,44.09238816035547,5.13668507312615,1.069949149595331
375,silvia,20.111348246115956,268.6183330619386,-14.854045319058091
376,lysistrata,31.23337507472029,12.56504592506973,64.40699631652403
377,aurore,70.92873179256242,13.822054224984917,402.45549717230915
378,luce,22.206519083570413,1.6499060694899637,175.12235370588095
379,jeannot,28.70374716710143,9.356776899169375,235.3561439520667
380,antigone,-67.84870238524101,66.5295170361771,91.30017544124496
381,cornelius,28.143196826986287,-19.77675053301195,171.55151179234383
382,fernande,53.09570498843732,0.16496171138060847,32.798753055273735
383,denis,29.612992640672815,3.2317515528301017,136.21247208217494
384,monique,57.89598352715554,8.244589959262823,282.1278715133072
385,nike,-8.088267576866777,139.69893916890808,202.23494896267147
386,lucile,70.19378574688837,-4.943650408357576,239.5560452542939
387,john,46.78592219304271,-5.900513572173958,197.44127351055175
388,esdras,36.35188809658865,23.1872244443986,207.58988245119704
389,proteus,55.736504422619554,-5.591326948639704,95.54313618545312
390,jephthah,42.266430771361776,214.33339411785852,74.13812421325441
391,flavia,41.762801466213645,2.957243205623581,244.5361509546347
392,jael,29.011000998629154,-8.103171478439618,330.50149884215267
393,paulette,30.64031804300887,24.977226798417057,122.77802516534314
394,camillus,53.287731426784006,22.715797649553927,153.10830531938967
395,auguste,-48.949895094726216,344.1942457704261,280.0169784411316
396,anacletus,52.82599659542965,-12.821628399335196,289.4046640376923
397,abram,36.02748532605309,-10.10816641747987,48.47577689957366
398,titus,39.46220354693196,18.412301582965842,59.99284540820135
399,florence,61.80394568699162,16.160029128096255,122.88201773448267
400,persis,5.508992705689935,186.93492422230375,83.21890743530571
401,eunice,47.09939326611658,-11.44190375342167,303.1485388249791
402,humbert,64.40086186338112,-14.81465406617027,160.27502187672957
403,mehetabel,35.948538208878986,-0.16409853844412792,287.76316652697574
404,boniface,42.792870925241935,3.2269574734170208,379.04825912684925
405,nathan,41.157758576678255,89.56629758270444,265.45158004884166
406,nikon,25.643431807613542,7.353125265911283,182.24748902069055
407,sapphira,14.848253551902534,-6.87441087005273,167.4059957444677
408,jairus,52.68773083942409,20.644417323208653,23.033966051683237
409,jean,54.3506468479197,6.646162536806343,153.42831566076237
410,maurus,35.04885775799846,77.7681106816156,108.81862784802232
411,théodore,46.20097469910441,-7.101823108171859,136.76526024844708
412,octavius,39.00312595059274,-8.862371470562653,381.6520997951407
413,caroline,29.430195074223832,0.08984888917218069,250.86205591629596
414,hippolyta,40.88955765156274,-8.773476138643705,249.48275503827193
415,pascaline,-27.297404844721136,2.740543014410801,302.73886727795616
416,omri,65.75179293185292,-19.757141974523034,180.40940305720534
417,buz,54.64790445184438,-42.269313800494366,177.40561646647473
418,roselle,58.396896830813056,9.586947449224015,147.65896968181647
419,maia,48.52682396649257,5.2436460923778565,57.4872321442235
420,phineas,-39.8348574023164,250.07089153342952,115.64662052011951
421,theodora,52.21205527967171,-2.139076437947957,126.35565630372383
422,asaf,24.77932387699366,7.516624199576575,53.17186290412671
423,eurydice,54.01727816490063,25.776088795175085,144.81305769443313
424,angèle,36.97863828435363,0.7984528442918654,88.25541955355025
425,marin,12.601028486753407,128.43076233997274,160.4791004544961
426,sergius,32.224413513740366,-7.302024944401177,208.19868813374234
427,orpah,45.060606740130844,7.268581600853539,26.14647872634768
428,aphrodite,30.733486197580678,7.102162311721854,143.97575692339885
429,susanna,61.37349307070057,1.1179161218655331,250.39020638431697
430,eugène,59.4955718696237,167.2890659610179,191.54768602079372
431,onesimus,29.556587431873325,30.923751498652486,227.2456692437621
432,mignon,24.858474540985465,-4.903532806120461,78.86538491523451
433,azaria,20.64337120733845,-43.53441913258995,160.147186238528
434,jérôme,37.45066114264118,14.816524699267456,386.03887293748915
435,joël,-2.5586123930496116,162.4527905349803,375.3960222321848
436,valéry,44.3618469107268,21.13662319676437,209.07908057023195
437,thaddeus,44.9768210749456,-5.77184285935392,228.13428144251662
438,halcyone,11.07567877388391,13.883241889515848,79.61882760599492
439,romain,35.04510355257727,-3.9729362405509367,172.3796166494166
440,éloise,51.62956819380586,290.0280648689579,164.51911429226413
441,morgaine,54.657393778747824,22.252398411232928,246.23156055415848
442,georgios,48.978206256205546,-3.585293304528461,377.2816416337118
443,michal,57.652688884890765,-2.205702427548193,218.40285467719366
444,aniketos,25.74470254729557,-31.543548807821278,164.871219020028
445,rahab,-32.10227571097679,324.91653063359155,130.82032412842847
446,georgine,24.204654373164974,-0.24813227531265805,221.10302622969022
447,barnabas,48.727747119836685,-7.414278745364406,86.22950507765725
448,hyginus,41.83266887571166,-19.520704589545012,22.926095380241847
449,anselme,59.174644298486434,-33.30236774783368,79.46499474267941
450,jacqueline,43.99247827315914,196.17744241648603,160.91998859701684
451,vangelis,44.17005718144502,-25.30833078488842,123.56213613240058
452,béatrice,62.92234118563965,18.912186126075316,112.64102072142796
453,abihu,60.79571225762819,-2.2629554486733343,387.39567730459777
454,reuel,32.08629251291978,6.901008242604843,145.01266306061567
455,ariston,30.02644470959101,93.22018887142349,76.69998555997118
456,themis,39.40414764068452,10.75907896964045,62.76645317212214
457,thekla,55.17595332382213,12.113152735782451,206.09362006088867
458,augustus,35.961828185741496,-3.414405830695877,55.837740781152434
459,ramses,45.13897319549209,4.875988029559938,172.5560762780293
460,kyros,55.885769846304086,34.53445580450596,94.32052324164874
461,nathanael,38.531161088892,33.51732116414013,234.8158361632307
462,tancred,37.25748928540323,16.169912016049174,164.90145534540795
463,raymond,56.672372183934115,-24.61102021185907,123.71498394616773
464,sarai,29.40996753576562,-10.411462148296891,192.9733610171874
465,pyrrhus,-5.00542100978797,80.33719182009052,93.80038991955635
466,aesop,59.769352381983225,2.9211471033998606,168.21201727378656
467,hillel,24.57339587911291,4.967063172928093,-0.7166262393832277
468,grégoire,43.314694467553224,16.246122770831057,183.43512017002425
469,valentine,66.86820952352927,29.56434572359311,234.6213933586776
470,azariah,-16.047715236968788,301.3756681458209,163.82712091898685
471,keren-happuch,51.9373667957572,8.80221825085081,305.2265370515729
472,liane,41.36799071661641,18.99229924698691,147.17826029197127
473,lois,60.92404502646033,-14.022582275617504,186.34208797496188
474,isabel,34.023624905781695,41.59450930431176,76.16544698503725
475,isidore,1.7959290612629715,316.6116311098764,212.36869964428908
476,ozanne,48.88866770758261,26.055585281469146,41.08933294953623
477,israel,51.167523263856374,0.49461494714760235,343.12115290438754
478,juliane,41.75786916539217,-21.22872731287346,143.00072111342672
479,thucydides,28.109663654690504,-25.966170580166796,384.35587347281046
480,vespasien,-61.90941809112217,228.94715925659318,155.25137695066059
481,rebecca,43.19907200435867,7.759466977024671,360.5911760949948
482,photios,51.60678467670098,18.116576847664962,56.14451855575685
483,timothée,55.57904197282836,1.6812229153061276,97.41064105204127
484,gerasimos,26.76070691977436,18.419095662909204,94.70773518105965
485,noah,6.288643065234238,294.096183235656,221.70782302607293
486,romaine,36.341756988448445,5.241291828485458,263.96198734145844
487,joab,31.6958501896069,-13.600541038898179,112.92002149655573
488,evdokia,27.677738911967342,-8.996765220067292,79.61794037799315
489,despina,40.05873742614283,-9.184731240951564,279.95340573660803
490,edna,-32.596416997323566,356.0917567822778,149.52884608558134
491,phinehas,36.01719557645741,8.27041572507032,102.78550018520104
492,océane,32.48610509751067,-17.213314206960753,40.87903549003131
493,cassia,52.52229900548923,2.6536895640049316,101.30259840173304
494,jezebel,17.682287032872235,3.2105668517341246,21.111902641836913
495,gratien,59.01584635390442,96.7474304310912,251.92658956939238
496,aristotle,42.03647353832317,6.018783421033538,276.39970996860905
497,xene,45.62314886544067,-1.9643612708413272,89.59962813148476
498,clarice,71.28040856300171,-7.145119974059579,101.53073020599763
499,eliphelet,49.01904272500334,26.17805510774492,86.88706178065775
500,persephone,8.017333960953271,258.2241320244409,173.58075454830023
501,isaias,45.626466750199405,-8.347523542748494,185.48164212265286
502,feliciana,39.088971539173784,-8.68322035636744,351.92231278678906
503,avitus,60.96528647668361,-13.255304816740663,263.26430551615243
504,zinovia,43.28110985210163,-5.0591764444227625,343.65506321077027
505,kyriaki,27.366204785492233,22.83749458844409,618.5416363974864
506,gershon,24.528376507124722,-2.330627425732275,227.07121600550528
507,aurelius,31.278273229144375,10.746738895808233,358.31967945159
508,hákan,38.39262136058461,-7.201686250954884,103.49075457731746
509,solomon,32.11456190305986,-6.224802774442089,138.90650486498726
510,delilah,50.92558876813568,223.68632135384286,12.52409347631312
511,luke,27.6495474322176,14.314779539627732,359.12735429494666
512,panagiota,37.78085657907806,-19.452102190886972,369.160191595246
513,flavius,27.894979934463144,20.11301149518999,91.73036755665632
514,renard,48.7995024495377,4.71344456804632,-1.1564261110280434
515,paramonos,3.679510405702717,72.60970675734899,532.8694625018717
516,adino,45.07715602735293,9.881588160695099,108.30231138548817
517,hestia,69.66733680648143,14.032782488586276,112.4407183319521
518,hermokrates,65.22964035400786,-16.415121878660358,285.1860002265815
519,pankratios,29.51467783593319,-6.096161870495489,16.300996720858492
520,martin,32.15574263492747,105.34368524210737,70.28974181468138
521,tatienne,59.773745671300745,14.179554035066023,235.93572541926903
522,evfemia,31.94846781918368,-10.998869783673085,112.70264509652125
523,theodosius,69.44274479636852,3.0078051488597692,249.70232589344613
524,stamatis,38.45426991637907,13.419984931002341,318.2985395452687
525,brutus,22.75152611351532,77.72731012399154,209.01578731479427
526,cesaire,35.690935207585234,21.380780844857583,223.86078049584614
527,sofia,28.0599586945933,7.44733342369213,107.65919100862547
528,stamatios,40.838246048895,-5.681032940704324,175.24986845613688
529,antoine,39.6393809747514,5.381707565121773,344.3949720155563
530,abiah,-4.9521149090454974,269.7538903397593,347.37255457747807
531,gérald,70.52911700717999,24.317967392989836,304.7650196878404
532,eutropia,46.01531704525253,9.202454424875029,169.83336442832655
533,isaiah,33.01149771234059,16.222994251731937,192.23569072756453
534,ariadne,29.4868908027299,-12.464161830832767,240.13249935745114
535,antiope,-10.07050189765022,248.7724701464855,227.6989949653116
536,parthenope,35.668020821116095,-4.542600915102627,38.81767984840356
537,septima,48.93120937053292,-0.10613223325065052,136.89135044021097
538,kalliope,58.39321654208151,-0.5913500922539057,417.1313537946639
539,ourania,51.309795923989846,-9.743318284373771,130.83058423004707
540,laurentius,8.929938533425648,120.64790435503515,8.29366052496961
541,aeson,43.93669272248484,-1.4568495833241295,224.58724480835602
542,nicholas,48.986628838119216,-5.6480961882727385,293.03033463929387
543,abimael,38.83135223915835,-2.305849996779153,189.68460039276465
544,ajax,41.197071890195225,-1.8922767073671436,385.85368848429664
545,roch,37.873479087792155,210.41353838011617,17.76350989940076
546,bénédicte,62.138300536169176,-12.542149151123173,138.29513670497764
547,abigail,61.54174275546235,6.804235093352193,129.5496639714988
548,évariste,41.40746852052326,18.253300481394845,118.97157105277455
549,psyche,68.41082175050974,16.08124532309711,156.81266883638003
550,jerusha,-4.356320742524284,37.06636768835295,65.57931236579581
551,naphtali,37.73090314119825,8.64540352044611,77.41065031750834
552,gervaise,32.14509745334497,37.95147942938929,350.87437384881866
553,zopyros,50.2900261561816,-5.452194605534066,167.01614032992205
554,léonne,52.37689821658878,-4.000857270196731,226.09784758390697
555,paule,-25.770854385111654,227.24725118367851,146.88086264958682
556,ligeia,43.27063262416535,-15.308421261709912,199.35577303286004
557,sheba,65.13051509938448,17.127882760058753,150.09080442876467
558,godelieve,40.343663140195076,15.686651430180714,208.3181007801002
559,nikostratos,46.41010508766176,23.682399742447107,52.517965986938506
560,jeannette,39.05124300747068,201.07104495346553,174.94561593123194
561,prometheus,59.2491561718257,-9.896036648454944,95.57846375630942
562,fabien,39.20737359546896,-1.2466545666400901,324.00922347724656
563,aemilia,43.16216981912358,1.646996854475128,257.46206471497675
564,enosh,49.681010114814,32.07428251187394,149.58744326280234
565,thales,-3.1806251467872455,129.85349231700008,167.95408077389928
566,sotirios,62.11837450433488,11.941709145661246,133.98056033932568
567,nicolaos,41.61738343969647,29.34940369166595,167.2052293870179
568,blaise,56.94480152786216,6.963643381128058,68.57641462096642
569,basmath,64.93725994447216,-4.517839075595172,316.83899164679525
570,zechariah,-40.4986419971419,259.1138328308381,247.77808329685212
571,clémence,43.35913244102083,4.88392922484078,264.6935392072559
572,victoire,29.384034670901478,12.873751891759403,316.7256024045769
573,antipater,55.553788420018456,19.351717846579092,24.907820442398567
574,mahali,38.44150567100005,-0.3181811883034562,49.12617856723723
575,sévérine,25.538773175217383,104.97924812157682,101.19700566521652
576,justin,63.413084101139255,-13.35024051883235,144.40094662700312
577,théophile,54.30332540766054,-13.565019071743842,111.00765909955524
578,hephaestus,34.78180480962615,-7.9418475823588395,95.07110060519445
579,peninnah,62.26306497437487,10.141886172743641,365.54930532583427
580,joanna,-1.418247569997426,271.6414892332582,246.70498387270897
581,aimée,53.012162482298805,-28.505911695705393,357.60564242647615
582,marguerite,46.40583948103118,-17.402878061066158,310.2205326034666
583,andré,18.2384050541561,16.480853235606336,159.73716384152544
584,evrard,36.52233587088169,0.754371046253265,105.62061329692261
585,herakles,-33.43390713222913,46.53734840239413,81.85091902964463
586,gethsemane,39.44126709577934,-40.42129488078656,200.9625526139292
587,ahab,67.10386779532793,-4.197613038773934,56.51194236692352
588,yolande,35.81277500453604,-10.644131581475392,117.75576315254938
589,tobiah,31.481037328381806,18.300946642347885,47.494411598811
590,philippa,26.628746619518367,173.87567968239097,108.04259741597505
591,alfsigr,48.353956716492775,-8.996936204219443,105.3102818032084
592,eliud,71.04274316317633,11.570322440453994,268.9207846448145
593,despoina,48.06768456794998,4.661798527712952,89.76902043110262
594,luc,66.33377169531482,28.00722590631708,162.29457224255188
595,honorine,-38.17266069635478,45.83792508700485,154.70914486981798
596,donat,64.56088967347075,-20.98316653304368,94.53436177892164
597,hector,55.432830537719376,-4.599336628253454,233.04478169504853
598,beelzebub,56.49141702859062,-11.714351116347553,100.84322908503657
599,immanuel,61.34733005289502,-9.159391450886728,59.08868276227928
600,jules,-54.414088153167135,263.6949712914497,132.71375957902063
601,thérèse,46.667255399063265,24.687293359718165,166.14776146854825
602,aikaterine,18.14813460666847,6.023918369095461,331.2283201132417
603,jeremiel,23.018979279137014,-20.88975626069447,35.889893269858305
604,arienne,47.57304214700903,18.060195688108607,41.829371358888864
605,rosalie,-20.951667516684775,336.3006653728688,166.4119633964189
606,artemidoros,40.93995596234083,7.066866138625995,364.8411644579633
607,loup,65.19770941181889,-3.5074134157977914,180.13797070001954
608,hermes,43.86457718304531,19.92097873289713,138.0629470599308
609,xenocrates,55.41838215056636,-0.17720955207184846,161.41471604982848
610,archelaus,35.71789785274508,105.74322912560027,196.6011205239767
611,jeanine,42.43773342563431,5.106120739536813,57.39664758174412
612,philotheos,44.183419141597504,11.108841314795546,192.24416019529687
613,caius,51.15309289074552,30.43822282431935,99.05694056115018
614,jeannine,68.42898058134755,1.3624665663089537,162.78487369518695
615,james,36.48143851620431,163.1665552328454,-8.151811814502427
616,saturnina,51.54847127015573,22.98334520299744,155.1591038489539
617,nicodemus,42.07616573634686,36.193733201030106,21.846615374361228
618,christian,34.83513715587255,-16.110422756467788,146.559626074548
619,corentin,57.112611946049306,19.935382905840616,85.8882593438975
620,stígandr,44.11191913749507,252.5516095522748,334.55164351821867
621,bernard,71.82007891006725,22.693875383105258,159.34964238372513
622,hepzibah,63.012040545622526,-18.789739490134913,265.4758101650267
623,xavier,64.10063530713612,11.219302710858146,222.1721429055674
624,esau,60.434682887156086,-24.574792823442646,291.7425935993191
625,hadassah,11.49067556715219,317.450293902778,220.9833450387879
626,eden,60.46291441449179,-7.489405769562258,160.67128002552363
627,odette,47.10305378355612,6.126366304620355,201.12625714995647
628,elisavet,35.18114670787234,6.177188052094913,108.94883170607494
629,muriel,44.59053129219533,-30.055877359167084,123.78082462999907
630,micajah,15.096044067290956,1.6562891275211422,259.51585599031944
631,epaphras,18.373981649909226,14.520704260530223,185.46415623124352
632,philippe,10.797257928235066,8.771638069716413,90.69611438695493
633,ares,37.85137910935654,-8.544923947978118,129.66620625229515
634,horatius,41.1135514144432,0.824217048371919,151.63009272860694
635,michael,16.274317313408297,297.3854928837206,234.78253865728874
636,célestine,37.469384372172755,1.884378336358943,296.4518242506212
637,mathilde,36.89587245098903,-11.216165693084992,277.21520696960266
638,léonie,52.0725034987555,12.766362936881016,-3.93966763140919
639,ivah,43.55870045822185,11.559121614451847,49.2579593948476
640,georgette,-27.37968608220385,7.6444664589172895,63.18611420195485
641,aegle,23.689082008194653,-7.358014544123987,50.19581378963706
642,samson,61.18425836917049,16.25025214167217,272.5782131757545
643,aurelia,66.84880923713476,21.226714403049368,283.0675599706862
644,marina,57.715208713630346,1.7143350086766669,417.72201135922404
645,marcellette,-18.64240112762711,227.04674879094176,61.64236241112211
646,aiolos,30.28276592784139,13.776220928711329,138.9770708986079
647,sappho,64.92308155897626,-11.38934649357602,539.2749778427224
648,madai,37.58024502119369,-1.548465457240146,144.7648898588586
649,marcel,59.143345738017366,13.240090093188284,43.073072383436184
650,kallisto,-54.413332696893505,71.7297650296757,195.68241082450194
651,archimedes,48.726500393484216,0.7739651354130129,295.89192043274676
652,spyro,46.26678221591362,22.727497323681806,200.86984470115004
653,platon,29.666850180629634,22.245270511764748,132.64084286619402
654,abaddon,55.723485004636075,-14.357288531101196,187.80174925486187
655,jedidah,31.06310370912872,104.11510244446674,199.66597529618252
656,mnason,32.00850219813811,-3.7934767991178213,190.2991366279988
657,elpis,53.12163847661431,8.982601178735601,256.9178528505257
658,euthalia,40.16169386544034,-8.622101953926677,109.45292898863664
659,liviana,47.70123850420136,2.5596278330855826,81.46773703467325
660,albert,-35.67606394559928,190.4470869845109,12.875844392750764
661,ouranos,43.945069257696495,-14.4983525815038,137.81606711603686
662,zacchaeus,40.33331510254524,10.758974971056428,535.0169971925154
663,frédéric,34.248035072373725,6.107801180480355,87.77156215733966
664,raymonde,37.18297087120588,19.383863835277523,76.65569896776515
665,onesime,10.202789451992547,38.87054076408748,120.82612378536228
666,rémi,40.03167346588508,11.684867852834232,69.72081020968238
667,benjamine,50.63386722434663,32.7872335204005,322.2362581777094
668,roxanne,55.27016546810443,16.085305845515528,257.8617282103798
669,praxiteles,54.79607934288934,-12.424404758784268,181.44991093156108
670,timaeus,-18.82527158969058,121.9075001439311,265.27368381611717
671,nicolette,29.148200824548198,16.58394994279974,304.58338978526257
672,valeria,35.3160198675809,-10.92749822476345,102.34847390993042
673,armelle,51.91921639269451,8.37745642785499,180.6251650198014
674,richard,27.583364199556996,32.06660589973075,166.3256245659893
675,rufina,19.698919485996978,342.3344199266424,126.65268907078257
676,dianne,19.41348140660445,12.920603848729213,81.0037550271041
677,festus,45.59580995986004,-20.76838939320785,162.49622419288306
678,horace,37.112672420522266,21.42441248695425,101.81096297188623
679,odovacar,56.885749659959046,7.7307738381321425,4.924241519911256
680,spyros,-35.92002578936527,75.66022223474327,210.7130568575442
681,anaxagoras,29.984237106774813,10.058825708450867,39.45221370943301
682,mireille,34.883096245673165,38.373588982150444,179.17314132187968
683,maximilienne,57.94966164660191,-9.394435648701155,198.480860243325
684,anicetus,39.42721735706283,36.146972230386,183.3529931782697
685,eirene,20.264196554855904,343.4659874747347,68.0912355902324
686,atalanta,45.592999003536384,4.993913591308342,275.8173709768382
687,aude,21.62873710926857,3.345781100357319,68.9496600189844
688,adlai,53.314453983291266,-1.5564597521633443,110.20475111305021
689,jacinthe,45.609516126748765,-4.532734447403762,333.4464102924577
690,giselle,45.83163860198197,248.55048108235957,75.73664316596229
691,sotiria,49.66751188424856,-2.84860360944921,325.99180925519977
692,jacques,47.42573677786933,14.831187395995881,216.26108527828058
693,job,63.836153591858874,14.519558890590114,375.1121801741207
694,eris,41.94247533843161,21.86265199546658,169.14123186588296
695,dinah,-20.817130567396052,87.73568522005053,-0.14877196066671772
696,françois,48.10362859938098,-5.543608829419939,347.29915883272724
697,jeremiah,37.58940832730526,-9.47411171537974,11.576878841918031
698,danielle,49.659558791878325,15.510657629205067,203.29165718478052
699,nemesis,33.921158861241416,0.44514347576930574,311.05243410404
700,catherine,34.56202105851249,0.7926906286852731,344.29545162925183
701,doriane,66.19730481621845,-3.9944187053036946,35.684048669459486
702,victor,43.479538699252075,-6.534746873596658,345.4296618372427
703,clementine,28.514196062215103,22.258017270226933,340.58421916516335
704,josias,30.973998604823365,19.713998543205335,195.04777865724037
705,abraham,-21.912211172251787,312.9347290931212,129.5161728563227
706,eleutherius,48.907875741321334,16.26637037093209,122.35598554350736
707,phrixus,31.841584162903796,-7.249724218986517,-14.694743571899009
708,ishmael,59.26253591644624,7.343099423872691,320.3270601148645
709,arethusa,25.00692717301643,19.637809486600503,169.2445332823554
710,philokrates,-46.770841905777026,137.90775680775664,281.7386501295476
711,diodorus,59.10278781546279,8.70169262105431,183.8598527994299
712,zenobia,57.45915575206123,-25.430039452405225,-0.2939914399993597
713,corin,41.3506510534483,-10.291796729955083,104.56542743924271
714,leander,36.041845534178265,-6.2517955988114435,119.74029717238986
715,xenophon,8.599178249551581,73.3135066434895,103.10150868448409
716,valérie,38.61689189731158,-2.9072292706459235,308.59380392776177
717,anastasie,38.33097203907566,6.739165616690998,31.02586366549251
718,gabrielle,63.30785653680308,-12.674490141551114,278.15623421338074
719,nicolas,46.265162764916255,-5.247205424570485,215.95462645241633
720,nadine,-34.34659035309666,319.8788641368256,156.1863668385503
721,severina,13.20079585131873,-1.666737960247036,99.22384789811531
722,tycho,64.1738757247618,32.51630869869959,283.01616445707015
723,peter,36.077921133167656,1.986908152602343,63.100007372042185
724,flavie,53.304031615995505,7.41406433499865,237.91781141470597
725,methuselah,15.973700823020152,329.6288880868047,249.40255712524493
726,amal,64.36536732360354,-33.37798953750549,75.77709020598667
727,faustus,46.60717558563705,11.227475515775112,296.97103610344004
728,terach,23.813184374969552,8.802559919337961,82.06493468014465
729,selene,55.10554488841801,-16.662348743234695,302.36695811887256
730,meshullam,-58.13342284856333,195.96805504906501,104.31365042763667
731,poseidon,62.810217866004,-2.975200456040622,308.3418505979726
732,hypatia,14.801705896034164,12.83081560571166,126.66928274641484
733,jericho,49.155750201319876,-17.113579929171603,209.1836168090376
734,célestin,29.27359802315808,27.854519681552567,298.84036719448056
735,areli,18.93471980461179,25.738501778570964,237.08689959329342
736,tutankhamon,48.93716243403751,-3.328538096436394,117.940685900629
737,jesus,53.644891026853436,-8.031715348050767,46.897747005098
738,claudius,12.703209021920651,-15.957815373371126,70.30186903722125
739,adélaïde,67.57088795734168,-9.270694345591671,171.56315568058218
740,renée,-30.322965874183588,347.301779450737,164.06287934317808
741,lucrece,66.59866870061957,-1.364522292745718,173.27622699495964
742,keturah,65.8358234829109,19.223830124244657,238.12098716566004
743,eleazar,48.620448255040124,-0.820962378110027,110.7207340876034
744,theodotus,29.0738063439115,-0.07768176361523717,60.19908285744495
745,penelope,-25.605925822405034,246.8524884671035,219.83377773624733
746,eos,46.28163735905359,9.04361199058139,386.58615351765286
747,pierrick,65.02118105008229,-3.3679916331884026,227.88427946966578
748,olivie,53.8139278051066,0.2851941961686092,174.9543358762699
749,pythagoras,48.21571195296121,10.593076949777242,143.55067262061317
750,rodolph,-3.2915318637240536,331.09081613728785,250.19641483938778
751,pericles,60.748498308151405,20.981467144949804,83.59322754488754
752,felicien,38.402150462998826,-9.96024600622536,188.34689197212919
753,étienne,60.845207346764084,-0.907064023382052,128.5166766978552
754,annette,45.9516399015845,-6.178269060845917,439.5569908773545
755,jeremy,-55.28649906169755,269.3217209203075,136.5145108620859
756,aquila,40.3994907075267,-1.4852959953507254,230.38782053241476
757,elnathan,26.46520882056849,-22.54434080784731,170.42888088871518
758,rufus,31.341600450006506,-8.209322488123508,259.6856079687453
759,inès,44.596638042797856,15.248566885651783,21.78377115217726
760,lazare,27.584508959879802,254.10846190227082,245.60447873321613
761,argus,42.11202488559249,1.5903822284654123,125.20812862644101
762,zephyr,18.090155754985005,12.337800018414317,136.32489060844756
763,ferdinand,57.00468997610563,-20.9568946137809,228.4000254749938
764,aoide,57.16696507272257,5.983345206261775,82.11494592768139
765,carolus,33.7634825634177,113.30943216489138,80.87383907217637
766,chantal,34.044879710605414,17.68080327078809,165.05076195006262
767,justus,27.832999133511578,6.240636982178963,172.59207821917715
768,evangelos,56.749206900815715,28.833303688090712,105.12588642098245
769,thais,54.06057332143674,25.390690421802034,164.26193630427827
770,sidonius,43.87572661026582,250.35294051121159,295.0904882409898
771,oedipus,71.03600226579715,4.092362011003601,149.72641587659942
772,brigitte,52.52474417737386,2.403799636104206,379.73355571690166
773,chloe,47.536882880240356,4.49746695611693,79.47861717074561
774,jordan,20.609260165040563,21.519737224886935,143.25782248247222
775,nahum,18.07976133740289,85.17366308619962,166.9427949308239
776,dominique,26.969786761134696,-12.410047434770629,214.120126682543
777,zilpah,42.22726892515509,29.818729380449085,187.14757976787294
778,eve,19.947989184369657,-23.324531014624675,209.09190994578006
779,rameses,64.27274861846541,20.993028147747204,240.74782850665906
780,chryseis,10.077783778112748,228.27615349197617,185.0580359491035
781,anargyros,41.76375181125347,26.741292285100123,106.14398364502213
782,bernardine,49.4325686187713,-3.3485368457972045,118.8610048131587
783,glykeria,28.401694779670176,7.299102768020793,59.54924189779932
784,servius,61.43031156543174,-9.244413676899265,324.44262377152535
785,calliope,-24.547840915823983,341.9680851852825,80.74459579939686
786,gabriel,65.23659347534412,-2.1044787035692476,140.2460980567867
787,stathis,53.215171174143265,4.89550730153724,114.36777431025217
788,joses,30.670968393790684,-23.299392474573327,108.19240152791846
789,régine,45.13479868409453,-10.46167364542272,37.71985831523027
790,aristodemos,19.929811264085632,285.39175523152414,89.34109042117511
791,eustathios,40.103350852464764,1.6292513722000255,91.96213724869605
792,léandre,48.76522843201212,6.3660217810463475,421.1925720066546
793,nikoleta,58.60088056446753,18.07770385525413,79.02834608400995
794,yves,47.67698120231516,-18.106231380418972,362.35423821254955
795,þórbjörn,18.19365354294045,328.2256576046404,115.85681168228385
796,violette,47.76322499688166,36.76438438308304,352.5531239890002
797,zosimus,1.4642814560323194,10.115493223324348,57.47521956959568
798,gaetane,44.312034591256605,-2.7150937491034446,172.5578970038257
799,eli,33.932792559118575,-23.30994556695976,36.49666018579701
800,leah,30.796293917336627,321.1981165222388,215.78010387727133
801,jason,41.68134850076014,16.34625337066321,245.73676748442278
802,myron,39.97985435173107,-6.56069606623513,15.986876990921914
803,michèle,46.335062259328865,-7.266792592986653,123.73693431231877
804,odysseus,66.86174794731664,17.990944699517883,155.2690483996118
805,guillaume,-52.17422912852736,358.44355499154574,247.71474493771706
806,brennus,37.54049369420242,30.35308024373411,174.82524648328882
807,sophia,46.53240829889591,6.7763020242647,108.64599305138577
808,eumelia,33.309438083867626,0.747601333000446,501.25481111697627
809,ragnborg,36.546030876849485,2.7602240407396503,317.62204418919833
810,evstathios,33.28573445146396,357.32769061987847,118.07078383901239
811,georges,44.999681538344596,25.108277650806496,187.50801181686347
812,kleitos,49.13800687301585,-18.65023984524275,206.9403873135652
813,carole,63.73008190338579,8.903245486062048,164.9903031657394
814,thanatos,46.91415700620228,-4.877285526820593,21.52538583382097
815,lucilla,22.58096188591736,317.5650848874776,14.206123317055187
816,cletus,46.577303919538785,13.212336376878929,51.4975319836351
817,anastasia,51.529675816402886,2.54974227119449,1.7899582720108533
818,cassius,40.342009173708654,6.699409711738261,179.95652819441082
819,marthe,51.39464979442651,23.325637228421964,138.36790419017876
820,nethaniah,3.087773413830585,138.55079920730253,18.482426922306722
821,rainier,41.734840162824995,-13.105919492663894,244.70945693150435
822,plato,43.529021321229614,2.247775962429555,181.6603586545196
823,joseph,43.716568104481915,-7.331786896886768,211.91651586142916
824,irene,31.34373112473,16.476277710644798,39.100501317104616
825,felicia,-16.000461088098742,113.79312992531239,169.76758834954407
826,cleisthenes,52.766167411067336,-15.003266370281928,127.24206709307003
827,simon,44.59820649864537,5.843255466816054,376.87038251442925
828,adolphe,48.4175000750929,10.135548038781836,77.50375256429712
829,aella,37.99415474430413,4.30961961829859,207.9319533440246
830,clio,6.633538999098055,46.49895136317882,175.5810417567462
831,véronique,67.56548983043713,4.693975117090244,301.2562259707186
832,spurius,54.24027978571041,-18.701049583199083,120.32097920038782
833,photine,66.01827192796765,0.30960219885523504,137.38041189352774
834,eutychius,29.597299360147385,12.450578023972868,86.8323902338042
835,noémie,-20.65156319465958,157.90878783645047,522.0609622104012
836,imhotep,35.705245116123926,-9.268512990494168,137.0714622300551
837,édith,24.877445318714525,1.6615560446965065,142.85481971241322
838,tryphena,59.90940900935147,-2.9578984287565344,217.13745073653098
839,alcaeus,39.82337891339637,19.221224505961526,104.39880777087771
840,gaspard,-42.612377454762424,354.4549173337802,251.863119247385
841,athanasius,19.285907774222483,-10.577521283990402,65.16008181280276
842,laurence,34.82439844979711,13.500857786729162,208.9204385763866
843,patroclus,53.39165086290855,1.636434945540151,132.18415200676094
844,nikolas,46.01581277927525,-15.772691337324225,176.73009886841842
845,boadicea,-30.785690641457283,260.38895793167706,153.94314296093944
846,rémy,44.657336760115534,-9.427687096521757,62.947780995745745
847,petros,46.08328695893423,2.6836543333464116,215.6127454679137
848,leda,29.80643072827209,-4.636105254347543,65.0832532198778
849,deborah,41.64775280265005,14.114987282574841,135.45318294845234
850,konstantinos,48.22999170813993,77.47891170729888,230.0112623263886
851,jocasta,58.62677604763669,5.055476475090282,1.9896918559522838
852,noelle,61.07171204928478,4.14633272412141,353.354172985569
853,lucas,47.09432854705304,-5.289962696120501,24.834557324876663
854,julie,54.24228662341102,12.524018272815965,140.567281885331
855,hera,-62.79336819071417,225.84277725979996,81.88236532924168
856,anatolius,47.694176858277906,24.0802209124283,243.60862905250173
857,olivier,42.71453947033319,-6.400591321038935,121.68385071185494
858,moriah,55.08163389216323,-8.34972007242683,406.3397864124656
859,azubah,30.729507405386954,-9.26312352528127,102.38761372852767
860,henri,10.589104100662713,3.067455495578084,46.414958713468664
861,jehiel,62.58086197784542,5.465568154321783,192.64438679908375
862,florette,32.69921104891379,11.338849361697141,331.7670192768784
863,mark,56.30874489077623,4.390517595234565,67.43081718421034
864,luciana,65.84468215991993,4.821686363295175,270.6050173962915
865,ophrah,-4.895167741758021,47.26987699750513,116.64625014511265
866,jabin,41.5321636385938,26.177800193314752,159.44331113628198
867,althea,34.095029757779855,-9.36326537224254,57.13224186974371
868,chanté,46.87808228537626,12.476586604809977,41.94094853347207
869,hecate,47.31406374259446,-7.14072859372505,369.80090274136944
870,jonah,-29.890741276912184,96.39454735715148,274.44046148289095
871,clytia,42.999462391312115,-6.100463417044382,231.00133432683128
872,lamech,46.64381860576659,-0.726882827493122,379.11867326722444
873,constantina,52.014431383135744,-0.6508743484750368,91.39985563217226
874,firmin,49.27597967628027,-9.390686327839761,274.41053578592715
875,josèphe,8.408640828607693,243.02671243143377,117.56668458557499
876,reine,34.9865783194967,-19.01443105799864,139.78374562557582
877,alexandrie,54.25528326520093,-2.6985141839294795,78.05119548257716
878,baruch,33.15127621766141,-17.606518271052742,318.04496254485395
879,talitha,47.51414101757251,-25.45489666842315,151.41928754126644
880,pelagia,44.80446042610176,145.04712746264357,97.6145658494488
881,charalampos,43.862413200975496,9.509822984538694,293.4366868050764
882,donatien,46.31618676117022,9.569358145019372,295.20511020164395
883,euphemia,36.0410446611309,33.09884021560186,118.7074144178246
884,heracleitus,33.95510389746309,5.4049235895779155,172.31543531827518
885,cain,36.758754552708254,143.29054690736388,386.5153584795065
886,benaiah,34.166441752953396,14.262999024369211,358.2813170975365
887,jedidiah,63.37332378677603,8.128306994030762,153.91799786809491
888,chrysanthe,27.119039049245746,-1.8951538556041228,135.60587310241428
889,zacharie,31.49420825668435,-11.521015134625719,119.92549617239877
890,decima,-33.764875414205314,194.85321949101186,114.66026036651073
891,victoria,57.586584254592296,12.892386524592732,65.10723354415566
892,gallus,21.50064305612036,14.594628240472694,96.73143171507357
893,euterpe,55.41870620600997,-12.133079261117887,114.13947124191412
894,antigonus,51.33763978145755,19.351907120148557,176.75728872584514
895,kenan,-18.670342829306808,32.95835580719467,212.26456845688097
896,heber,21.397991120705992,10.465021272564444,129.90585281643197
897,germaine,42.39788040250884,18.322762405801335,196.3792213926643
898,theron,27.35436583502439,19.9078426469979,239.7813456587976
899,alexius,9.620045170256933,23.975107772730517,161.03820356042118
900,valerius,15.435809498081296,216.0375858804587,81.03620340950893
901,jotham,37.39241517874323,-3.2391109090935117,273.77409175417387
902,constant,59.01682633599633,10.79673467070769,61.366348850667734
903,amalthea,48.54454643025885,23.94816170225583,87.93375991815074
904,demeter,22.201805118108915,14.50040143715276,112.29117074838194
905,camille,4.072194112231751,277.2562681058725,199.75502687622503
906,neoptolemus,66.17819591572571,0.09335656768138614,443.64130823029615
907,zosimos,52.396926021430225,2.3613977432077777,120.78505245003706
908,adrastos,48.753507660058666,-12.020653178478863,120.3779667727521
909,patrice,48.32308046668397,30.734198858059337,214.2054319840484
910,anan,34.18933811218369,265.0282011059454,99.92137275672414
911,elijah,49.54573448311778,8.39280625971729,302.39475594391934
912,ghislaine,32.09399228904201,-2.32888582564645,266.74030917938705
913,athanas,59.34565088320408,-3.40248514419599,221.67444038097466
914,marcelle,68.56946344836572,-12.239331593532397,158.9375416985978
915,aphrodisios,-50.41211940763996,86.75042368527711,185.1885949878695
916,hélène,50.204853186371345,-2.985887564611979,306.9439590164236
917,antoinette,36.2127838091985,12.28384000872667,157.31911359245936
918,axelle,52.40581217280033,5.314236401322626,164.74533095708478
919,agnès,42.79771048524652,19.66545461057509,129.34904297871643
920,nina,11.6066583375102,204.44332783467553,38.77680185126896
921,zipporah,48.02807281956924,-20.885804152857787,118.94915187305796
922,hrafn,44.795230078090235,4.725380233880804,134.5752832382482
923,perseus,40.57606797550973,2.7994270880450083,17.58691692683292
924,bernice,58.395225384137184,-19.03297426442632,189.57353185509717
925,didier,30.843441408231353,214.90325768926184,310.6955564410748
926,danaë,61.81357960516268,8.44023017586399,331.35048806624917
927,atarah,24.322466590536802,8.016435306111275,37.71052982048103
928,kallikrates,61.85183157512293,2.699697442616837,41.92723611311176
929,mariana,29.810656029403077,9.402120134533174,198.46608334411545
930,melete,-30.829668382086727,48.60381630340061,159.50240353694576
931,tullia,21.8897797036388,-22.937836047170645,134.11286982917713
932,theophila,54.05064677881442,4.742384442448612,150.50268700989596
933,euthymius,20.80294440752039,24.23048041038291,235.13932240854206
934,barbara,48.01656201715578,-2.2967067846495444,177.24981360384405
935,ireneus,8.178626151894113,89.96509557679637,68.8829365109298
936,nikias,57.829667435610254,0.7573795207540206,112.816676105424
937,ethan,43.71145474751152,4.854365420206729,202.0994646522009
938,abednego,55.622746529125195,0.4449394991696974,55.310168705403115
939,joshua,19.263954336826302,-7.372641881563231,287.5625236914999
940,menahem,7.258540869154761,292.8029686088146,245.60829346610114
941,salome,44.03356298785344,16.394001124796254,493.8270783503307
942,silas,36.647644886918215,24.8695146387916,215.40234525484124
943,yannick,50.520232222893384,12.679125997843768,85.5145504967151
944,phoebus,36.582785482370504,25.754466170374148,38.94721968493252
945,eran,68.26464276928998,159.62000205990773,95.66297638129515
946,martine,64.7189233344259,24.275908325541852,111.45974653922897
947,julia,60.8081503426725,23.147880580686333,180.82887433536902
948,modestine,53.32114549159169,9.18748705476671,134.54630032589586
949,mattithyahu,56.812717656155584,-14.847561064427419,108.93753129633924
950,calypso,44.1167725867621,116.0087861033923,99.87769189324666
951,manasses,22.637742341017386,13.483693595836996,103.72535720364814
952,adèle,24.399309360958455,2.8371756253760316,250.61972155586983
953,syntyche,28.551874281923936,-13.938541626252164,110.95735164671694
954,zebulon,24.60322478745652,8.679286722617439,92.58783677231415
955,gad,-63.13980884617854,280.56207840303796,102.28577300445696
956,élodie,44.17420079804734,0.790867081076354,237.50006253106
957,kassandra,45.54102241434635,34.46007041959434,302.72248532939506
958,félicie,36.1744645392433,1.0905390741690617,140.58458118999155
959,zalmon,27.672199960407706,19.40584982976775,95.49875761979523
960,jean-marie,22.912001527750363,162.4444183047099,25.23763439429481
961,christianne,13.463748248070223,-7.612418126663253,15.939723000244882
962,priscilla,60.79956607865422,16.920644894269277,243.0966510399598
963,papillion,29.460137707120285,-8.110709943135562,0.4149511003393478
964,ermenegilde,45.216815017366365,5.117953834100221,242.72655665764796
965,désiré,-15.386087759991224,169.4219500836725,33.829396281037766
966,diodore,47.54770885223614,-15.044563284735577,170.01157641334797
967,nathaniel,43.502021780578715,19.42833118475181,274.53692552625216
968,pascale,33.75148340292597,28.826571832560177,133.39049428897843
969,éliane,49.730768242196355,2.897536546105819,386.03934375825486
970,havilah,-54.56606589546361,20.201044483379388,133.92893755976314
971,rodolphe,49.0113694930131,19.694516000880064,132.65660688172773
972,albertine,39.72719014616616,-27.036389076269213,219.90250481750934
973,hengist,43.427085627168886,-6.729808206323465,79.35664551687645
974,matthew,69.15881642524077,-4.740738668807448,86.69934781707715
975,fulvia,-13.179388753932644,167.2042635947419,87.21638264436504
976,septimus,27.39681907319765,17.580199277142263,214.79733018145959
977,tacita,43.36187326480432,8.304124892304147,11.904851300605415
978,nefertiti,38.44077425152303,-0.24971976754460343,66.04756527694532
979,rosemonde,31.836628048654973,-6.318933321616843,-4.147033691766129
980,andreas,-60.7610122898142,92.63765832020883,173.36471620634592
981,melaina,61.6925656158951,4.767391980482438,470.57996644143196
982,modeste,43.170981502926594,-10.810820563378368,88.71347835281465
983,lefteris,50.1629688084425,-10.8105872819079,73.64478424040213
984,magdalene,41.13907161375039,-16.802855580064108,185.44727366597635
985,stéphanie,-17.06271911366536,122.55511879896902,120.73933971594579
986,jehoshaphat,39.28910880668531,-1.3217813289245313,42.39326244422463
987,helah,57.03834947910865,-0.5883564111724425,227.91272962125873
988,alphonse,46.91976473296529,3.0838706011783916,109.4561165031624
989,cassiopeia,60.63115254048759,17.770513338550487,311.7495141174335
990,yochanan,-25.940049046183127,343.1608279742003,179.9008376218587
991,nikodemos,28.587018961337588,-18.65797342604976,198.12735371577367
992,diomedes,51.6179647847345,-22.896640946578767,310.22056451453153
993,hades,47.583105638719516,2.234553829632042,22.51848017127817
994,spiros,43.126289676346616,-0.6554488275020615,208.41276278866204
995,aimé,-21.391600708496604,108.13958643429761,114.05715632993946
996,mahalah,46.319872492188345,24.752690931689312,122.00819564810172
997,menes,43.83689903778094,1.5400138188690244,277.73992322792805
998,lucienne,48.41494004095209,13.750470736336256,334.5379844905331
999,adrasteia,48.58389517441337,10.776695456170751,105.317728314508
