0,denise,20.90960945130412,103.14485761041571,85.14339235503061
1,claudine,8.034789057635946,33.770804947230644,142.03154704427772
2,caesar,27.87065060530104,114.38182345628341,80.21286674285395
3,marianus,37.22204103387698,51.83254933290984,128.82388457091145
4,uranus,-28.486518819911698,-58.8023274798369,249.0739351187421
5,florentina,27.299411394298314,121.18616406307868,114.31180567110957
6,livia,27.68313516542393,94.1283182788197,66.75644340433826
7,gilad,-9.187031294923216,17.135501641978653,195.42296721309393
8,timo,27.602579617910028,78.90794432169355,224.91504686837962
9,uriel,15.249151482186159,-103.27174225490636,175.81135203627875
10,azarel,25.64335696231059,42.23542978076741,55.54953603561502
11,léon,6.390182710084207,-71.90113049999982,345.28566314832625
12,apollonios,-11.234046732848492,-64.14952692186577,182.59908695238
13,klio,27.029324201261456,72.67386788424596,223.71976425171016
14,émile,25.875071341187823,76.4406550830626,376.8165451252244
15,thibault,32.37900030215647,29.362203231622765,52.26062218682284
16,crescentia,37.149788671197676,-77.50028031769254,63.36723941147504
17,yanick,4.639128059672672,31.12672669534261,213.5787330675646
18,theodosia,8.937493548543191,-81.54090035768945,371.7544031052138
19,sara,32.58606809959487,23.080989329434303,29.377294716572273
20,adonijah,53.05526800339923,18.26596358478027,51.2649941180164
21,adrien,42.080902289778976,-69.05733734854255,112.41905054418896
22,vita,30.98503587918043,100.40274017377554,177.0696291115865
23,perrine,14.646063892265353,-98.16222998559408,276.48400584337367
24,phaedrus,36.06815663871147,120.64066728015287,176.76390914899886
25,édouard,29.561722047809024,90.85505387815176,159.83933139161832
26,céline,43.49663531725021,140.08902172806623,164.98172202425658
27,caleb,-12.372741325056817,-83.00317912125112,220.15593408846811
28,eugénie,-3.1104750834211794,102.0941108212362,310.9941187709225
29,raphaël,28.872347579806483,37.88902386034583,105.14476731782926
30,philippine,10.84259872023689,83.9637114669608,187.05773360640558
31,laban,26.057352208049906,-9.879856292385579,328.24323748328374
32,irénée,22.12885500365281,-75.07748034475325,214.6733380021628
33,abishai,38.89004045599567,39.495535195083356,259.15961178541477
34,erastus,25.1302458059276,114.69120841272763,304.2263503718309
35,gwenaelle,29.160370844588485,66.69267843016593,31.069788037495222
36,agaue,-36.4897461962293,177.6081948406955,75.67634510142616
37,phyllis,44.315776478843496,127.84214443983393,122.77129389171253
38,colette,54.304325193856386,0.4645598351499295,80.14617063755594
39,carmi,25.560347857897415,103.43696654052346,74.69355995388815
40,nicodème,66.14311710150336,29.799562888608786,446.75450221088573
41,bethel,29.25400960218795,114.81127631556771,130.30178782468477
42,loic,38.75510860937039,126.33617222127877,49.158118903042165
43,philip,13.507930040435536,11.414217717234429,207.97760406852854
44,selena,17.174768894392777,78.52189984378015,138.9730308238252
45,hazael,37.69299695814432,116.47598627534325,51.10899836393631
46,hilaire,30.911749596485123,-8.519076001754103,364.7356768499414
47,kyriake,32.0356715573914,123.12313449618648,123.96443294029743
48,fifi,38.59612816230905,-68.61295889133119,334.7129393265703
49,melitta,20.90820682366781,89.93653178134616,38.02070764132009
50,gennadius,39.6393809747514,5.381707565121773,344.3949720155563
51,nekoda,-7.659550740224517,117.82988078720895,161.16870785187876
52,fotis,7.358363487602214,10.32888503170864,152.79028130641632
53,gnaeus,-8.820484981002094,25.83685635422108,56.42770725787983
54,aristides,3.7366552536578794,102.5561131037007,227.64532939244032
55,aglaia,24.328401616304454,100.29022084254056,280.2734981346727
56,lothaire,30.90357144592908,88.93554321682007,359.82479189677537
57,mordecai,45.62787694722138,11.184582297140006,438.49953789975
58,issachar,40.28349175038696,118.07692539366042,197.32522924118035
59,juliana,22.969438869215438,124.58973403285498,232.98761381120175
60,eutropius,52.68939348130727,30.528872057327312,178.54098009479563
61,dan,16.766351283867902,-88.3973971762413,137.72815012946418
62,polycarp,46.667255399063265,24.687293359718165,166.14776146854825
63,apolline,29.476814599285916,40.23117627350807,141.17647451037433
64,sherah,25.05863697342637,-110.4702691185521,141.97550697353876
65,florianne,26.269891018537784,115.4952899204734,150.03110626515223
66,isocrates,64.82328914791944,37.30431979574048,309.1109623425658
67,philadelphia,16.37263016495908,117.83882921343381,10.481805734489797
68,clitus,-26.381648310802884,40.120777717410355,342.4935614788587
69,philomela,-25.37668132028809,29.91955161121152,83.21854684181606
70,lydie,12.710968650501405,41.307315701501736,340.6930827340109
71,odile,46.7008146677667,62.46282707404691,221.64127552786627
72,priam,7.397209650890089,7.814990180336569,37.46740220141484
73,tirzah,10.830487920357795,-2.2786513001083817,68.79966584451456
74,esther,-3.2333834703238553,101.85578907964953,115.59522305614158
75,gregorios,-8.887043010254859,-79.35156990435381,259.77241480180516
76,urania,10.323443987835343,-0.7182827425688664,243.13808469884668
77,agathe,50.112755436849916,24.123065442271326,80.67607840266318
78,ham,49.4325686187713,-3.3485368457972045,118.8610048131587
79,matthieu,28.88590516443995,106.4874016728368,255.14981215012335
80,abidan,12.329970694698757,102.09295190230753,224.63599599735142
81,lucie,50.7855950170735,-1.9985603033823822,291.5397317107668
82,elpida,40.20229249419747,-5.336857323844091,279.8157098244496
83,theophylaktos,35.19773570981484,49.27220561914044,237.52186495966566
84,sylviane,23.157802785045014,49.993275951541094,730.9803039643961
85,noé,16.747247079809327,113.01325371526518,164.70173377097427
86,meshach,14.550998872820983,73.31296497999722,352.32655167434723
87,lysandra,31.35597203166756,-116.53705437456989,176.49108938229705
88,telesphore,-29.158292443340503,27.916967946088317,410.4962746453169
89,natalie,42.06455589076133,-86.65439980812303,179.22148436003556
90,yvonne,37.373389080328636,-107.20826624413503,346.3092186793232
91,madeline,29.25753196212636,56.07535799927869,72.00657460563964
92,bithiah,14.544150836514948,37.77517031481947,7.353631193099098
93,françoise,29.086285879531992,112.95251195223616,187.23502785141181
94,tacitus,28.177578078159748,112.16049300264112,26.368226410391074
95,apollonia,11.428145470511643,95.73538588426229,156.9073340594664
96,saturninus,15.364374542655595,77.86470687251284,308.75092412673007
97,urbana,21.1647346345334,-96.99141795986128,435.32358030672316
98,iris,41.82645079460572,-85.98614338055592,77.70132127819085
99,rochelle,33.533017878858544,61.31689867831364,113.57582043988776
100,yannic,36.96643605740219,118.46474790769028,251.30546536838665
101,daniel,47.15113819616536,8.163824871547305,138.04688680554793
102,helios,-7.333981073303644,21.54245570712722,54.161581634779765
103,athanasia,59.847273575243385,64.74934088217074,16.652949136288484
104,laelia,28.389254185190286,117.62347207101085,193.6181486561143
105,lavrentios,24.622709623994428,123.67228947505137,108.64355036086607
106,euphranor,30.392998402604093,-93.0457365293251,134.79629752347677
107,hosea,30.20497423245508,108.63718190455859,-6.416384995854951
108,vasilios,17.19982024835716,101.83993742331825,109.12950972754584
109,cyriacus,37.43939562336395,114.17833683474772,73.01065915570264
110,marius,19.540622737534612,-98.29429993722643,386.7409133187525
111,hubert,24.49521418566862,101.8212601293712,120.83136254080003
112,abisai,16.727664738408876,70.78358170350303,116.72340709696323
113,roxane,30.80638952789825,31.122796604375118,100.14741455199706
114,eléonore,54.89952246009144,6.567439919078143,103.95373345880301
115,amarante,23.196102512535813,88.74567688165233,75.20910796941072
116,zephaniah,46.006545267418765,145.32200468066358,150.8965373064205
117,achan,22.62348974760387,-99.76218249178596,159.11195708697122
118,clytemnestra,41.20478427371991,33.24857341887668,80.43333596967031
119,louis,48.51571644862479,118.16074532703735,193.13944638759017
120,evette,3.647261428031594,98.2687477754836,202.8735714567246
121,björn,29.697942853801038,112.88900979520857,137.92005028745714
122,basemath,-5.13739792167684,-82.28034232946447,239.72531169657128
123,habakkuk,-17.272926500601915,-38.626981664710854,286.0798202162349
124,marine,48.858365205578956,103.29649812982224,69.43131142777241
125,aeschylus,12.3559029919272,80.29334472275116,87.89158574930386
126,antonia,20.474228820807987,78.38864251866464,148.52594188817784
127,zoticus,39.68342958054177,-12.840692175898214,201.2873927199436
128,ianthe,28.268115565006575,107.09979353277677,78.23148253075982
129,narcissus,31.793966291178485,123.85876599039048,117.54628734067845
130,stamatia,43.76883941829492,35.08505095184037,153.5554226992651
131,straton,42.75207186142645,-99.81097606073256,98.33884151651861
132,judas,35.69010362314179,119.79960102130677,434.6637290796447
133,alphonsine,38.259788657072136,117.47988854719651,127.11267868493647
134,anastasios,42.38505385046718,-128.5650062783794,125.1580794018908
135,nephele,-26.54423029771052,37.3100792299308,194.87992620178923
136,varius,28.556127382290082,-106.96293446898083,310.547001116092
137,pallas,4.139209174150351,4.7674082501010995,183.37289172806106
138,cleon,35.42792349868083,121.08580112750671,135.71234486157744
139,medusa,-2.587657261385366,101.68460875872945,261.7092969472014
140,vitus,41.818021925981895,41.57061518707056,78.3131299433108
141,stylianos,40.88436664239282,-84.42109843222343,184.40238021833795
142,shadrach,31.112296443083626,40.93832441841689,200.809049250139
143,melissa,20.320135871296372,74.51966947599304,292.10846940865065
144,gilles,32.0310302037611,126.54958149471427,156.6713157084974
145,jethro,-22.45360934186618,-48.90536799670155,55.19684706251935
146,fernand,21.286835494019726,111.26195828352905,64.61581659180223
147,jubal,37.821401392536174,113.9416563219893,222.76958632699004
148,ezra,8.363383229875048,-85.18770089561619,122.9996674973635
149,eros,41.389405943164654,43.76099565680527,390.451927084642
150,alice,27.961994726838626,111.55180423026233,154.80533458426837
151,bacchus,25.61380746412467,77.88933312290052,143.6660144281534
152,anaïs,31.969194131320844,83.07153423306461,125.58368220823021
153,rené,14.455217071977009,-73.3021548908346,304.5561844122179
154,christophe,6.260337673307432,105.78275477166214,185.85088948823486
155,zoé,37.92685249574975,82.46776265487404,159.85026393125642
156,adrienne,44.46049294180528,4.971500680233676,159.79977922450294
157,sylvain,28.073963887225048,31.583878351440973,13.424070102716207
158,theirn,23.335323358675286,108.89806785862504,312.76938427374535
159,clovis,24.506772522190566,57.59260909188281,122.42081008031278
160,ashtoreth,32.513739146428556,109.99930085793794,142.06972484847054
161,methodius,39.57509636047027,-2.1296581707190114,39.202275629773865
162,amaury,34.94809222522999,139.74065066890702,216.14103675355477
163,theocritus,35.84477924679986,43.65862185635338,72.2174852798466
164,armand,48.689616096291935,101.32547250299757,105.96914820646077
165,boaz,44.54593912195355,-87.52949335292503,128.70773976691245
166,sophronius,42.295825576068246,118.18943040563798,158.02508922945646
167,rachel,40.018247072125924,-6.585234603282861,125.75529508722062
168,shem,24.172757406757714,58.447708204545265,154.56427106311506
169,dionysodoros,36.31426816637192,24.07770683375698,154.37442939465112
170,héloïse,38.8318312847304,-82.59660084765797,148.63800293725583
171,alexis,23.592334035525873,38.59978788505304,311.1137536321165
172,demon,30.245051171064098,148.0653917848657,12.9842142482701
173,miriam,29.665131023194725,81.86429182544849,243.31148473317234
174,tryphon,17.336952019591937,107.56284633953402,406.11814562992095
175,dionysius,47.45786304920092,-4.040966809178688,167.3746276942328
176,lambert,18.426564838479667,30.06103073258608,16.094234252218754
177,constantin,39.36696916706506,105.78861566160776,138.94434969754363
178,pascal,30.929531065599868,122.09145328239276,2.4029167181270523
179,phoebe,35.932559004188974,24.17600450284073,143.62102924423607
180,cosette,35.439883541251774,125.47530949990033,188.05430633146074
181,eleftheria,42.44424126554048,-124.8201801508178,261.93650812335983
182,tabitha,20.827937302041967,74.38510966843624,284.3491415415334
183,pontius,33.260263168971655,79.0194017994412,161.41382727114947
184,orianne,8.546423419890802,126.76273896425506,135.1829135013168
185,camilla,23.989505097206333,-86.38283667824041,331.5397864163054
186,diane,39.53076247433739,28.759296274241173,242.6107258469117
187,reuben,39.280582905217685,-85.19113168533343,157.1131827231929
188,quentin,4.667946010090328,116.13963319209141,49.34210121742967
189,dionysos,31.28788397472522,75.24904658076913,73.45197389368425
190,margot,27.44904743780949,117.26991782033598,118.72307916462546
191,mélanie,23.10848544799236,69.36765285559821,366.6324757771286
192,draco,49.799714467053384,65.64486070676894,234.6119829684609
193,julius,35.129502152200004,136.77321746624003,326.51022029247764
194,cephalus,21.222584366309142,-98.60382883696143,359.56106345838714
195,democritus,-24.273372308058644,24.37727911076876,26.004952357593538
196,anthea,16.774302218486216,107.59215848627954,241.69453294599384
197,ehud,5.456338710611797,6.174723007278759,84.47664440383703
198,christelle,4.755273238109424,101.69744523199014,321.6429763128458
199,herakleides,33.1389995991947,117.88261921420491,256.0152192552593
200,michelle,-20.524543828043907,-44.18429815451852,132.9139018217509
201,sextus,42.56928340160491,122.44533023076224,149.6827603616112
202,tiras,39.06560733691294,115.44731681779686,329.4650361405577
203,anne,-7.189478166652209,5.524211826925741,205.75527050406126
204,toinette,28.13773794103624,120.35258204827687,191.37634244044406
205,césar,-15.631521782240329,-49.04564385888518,110.63338001358935
206,damon,36.093357235305355,76.49780097971168,108.0659317952067
207,orion,5.650912772047156,-66.1564505753961,62.030196362256206
208,zephyrine,32.49733776401545,109.10400916433792,78.81260975030504
209,othniel,14.846834816244845,129.1159087695178,133.3397613735618
210,pénélope,26.546609736937924,68.13248499517626,225.81262847520532
211,leto,37.316984698799764,125.02193419934885,119.47996516046715
212,elisheba,13.566055598151678,100.81941548329749,258.3016157404911
213,thelonius,21.928263687278545,113.6933620586618,279.0182684857158
214,hagar,-22.688510866435827,43.961074278331544,200.40106561044462
215,fabiola,9.947244540402354,81.26079811820048,175.25068262038667
216,leonidas,20.05780585370697,69.58267641715804,148.99879466899208
217,abital,38.46341123348821,-0.7037975940632486,382.40812913732657
218,mahli,-8.14428211023704,-76.01444040730189,156.32097094344934
219,horsa,36.99165521929651,31.37939047037176,172.19445875130288
220,faustine,-4.713323851887442,-81.46173502231751,173.20822297772986
221,ananias,51.261586434926464,31.04506390311954,68.62647009237241
222,corinne,-22.408262580731687,-49.73183410321252,66.94347148510884
223,jude,34.82603133067329,121.59776903661385,165.12823078315992
224,adalia,25.295956063935414,104.38649622415171,298.6989655027339
225,jamin,29.35790720140689,115.33197000030314,143.9908640437674
226,lucia,26.02685159321998,85.79997543398127,241.61431173423898
227,frédérique,27.089199609052425,111.00329619207128,271.52754361814146
228,epaphroditos,36.80518597697537,-73.35857321724804,312.4132047619595
229,aurélie,56.010359049478346,62.261481842845185,2.10534582977278
230,hezekiah,26.73572184391743,110.39964598246846,171.88156757191305
231,damien,26.743898975206932,124.18127091138737,52.9390085829029
232,gaius,2.6407310538302564,33.83542590705833,17.526240177541126
233,léontine,46.16071569416921,46.41818408271888,257.0418567138444
234,phaedra,27.17814247158016,47.88186621346761,42.19135881753846
235,hiram,4.287228261024609,102.18012961015907,307.92592826954575
236,linus,-32.731650618888644,18.606847503291903,217.98016201156034
237,jehu,33.887681408624395,109.7322166424494,-23.968955193060104
238,marcus,40.401108024714205,12.453995522032464,30.70374307717794
239,haggai,22.22993563708316,32.94900147513877,128.51324326784635
240,sylvestre,39.83325506641782,27.947406526538067,64.13556284727605
241,emeline,33.97745040233504,118.99588411137283,89.62671287353413
242,tamar,-29.289409922802452,24.54081421567681,253.13150884318128
243,rosette,20.921710711728476,72.79831871603132,322.76478632370754
244,dorothée,29.313680163566563,-79.68088717184881,177.78035922478284
245,herodion,37.026451399722,-75.1386915091521,268.4220556251877
246,gisèle,1.4606071900594064,102.77278053230707,176.62080762145862
247,linos,43.88562289608123,27.829312506979985,202.76663623966124
248,demi,-27.96370784235474,154.64992309804228,243.81115998791648
249,artemisios,31.693024529024978,125.862563391454,181.35705477655685
250,micaiah,37.3014146223896,-88.41678753933567,40.73046015485757
251,toussaint,19.648796040419988,101.85174593961904,322.68822159761913
252,eudoxia,42.71938959205956,-81.1778994871137,62.81975217794758
253,cephas,46.84961800705584,-7.023489176952221,72.465692711757
254,aline,29.87243592905488,119.1546448036127,249.2374905278943
255,joceline,13.673816031184225,115.69435752754087,9.062758577018798
256,maurice,46.27733861657271,84.79629338704342,161.2326792398838
257,euripides,36.85986139570037,82.47794132462653,25.34229966149981
258,jahzeel,32.7759607767758,142.69913770234012,226.11103894085068
259,odilon,8.053745176477566,-78.840974391477,189.00361508193106
260,henriette,31.404989140020245,-106.52813450597372,218.1803291129056
261,claudia,40.11431202574073,-84.7135183981736,54.35956900487878
262,miltiades,44.459837790080186,121.52601168883523,128.7360795457979
263,angelique,30.18234500897334,142.45802826602804,168.2574426993893
264,cunégonde,36.135914840736284,108.63243175738191,169.1177288239317
265,icarus,32.91470379653673,44.43455611358487,61.095595584753866
266,polyhymnia,46.87904949985082,-105.6077068227387,250.52548697161194
267,aurelien,33.023764226621495,1.3309043973540047,87.3249973374109
268,blanche,36.407043360842906,29.916051070506896,55.688750519177134
269,berthe,10.082064363913059,97.27020456331887,49.722248868137086
270,huldah,43.20751764951222,15.617454723102954,275.51742148181546
271,vienne,31.606669005591584,75.56866607837955,303.6119495613811
272,gilbert,35.629476755108755,123.00709667232412,159.26163439058712
273,erebus,22.898860653226674,115.54458441155161,245.75081370603812
274,stelios,-21.074199004308475,-41.3146993066098,53.639463530250595
275,shamgar,50.17237189395312,126.63958843535815,164.60737253258657
276,geneviève,34.35674291200754,-112.52643731045225,62.689035944655004
277,achilles,34.14858323229133,33.59297584438269,172.44214336607854
278,stephanos,7.172447149853964,79.4188996345465,187.20698705968437
279,demostrate,1.4431176454891261,-66.72400381366566,315.3166274664655
280,gilberte,21.06033488004782,-8.544034089576378,125.65340182037554
281,asklepiades,0.22184186149224927,47.83036854257035,206.8635259143549
282,morpheus,-10.264453379612146,105.2317707077324,12.939177183535904
283,madeleine,-13.31346870395491,-37.97690094395859,161.71700814654096
284,athenias,36.970145892757614,-7.798921256271368,291.0270159893446
285,spyridon,22.03308957277844,118.22368056084468,185.81854513645177
286,asaph,30.64285087892042,-113.05090424897935,310.2273015189121
287,alphaeus,-9.909161416809813,13.640027000409574,257.6916147143556
288,beulah,33.91565760461073,133.97498655817486,183.43230780426245
289,achille,33.35906083115706,60.40526943372807,182.06183955453298
290,þórstein,32.56074523613903,110.21353399974575,92.86456850167096
291,diogenes,29.750468466350377,109.50599995883132,75.6595387834924
292,élise,39.697145659663875,124.43242902664073,338.6016784042915
293,delaiah,53.76607046757008,26.672329245768374,10.785952868053442
294,adonis,37.73869311271669,118.20259598529114,184.86623237341456
295,epiktetos,55.86959021327591,42.09282182276114,195.02037994390568
296,crescentius,44.13434396177873,112.7271134215719,135.7636936840871
297,valentin,35.42072160695945,-5.092780782904007,189.33197567309568
298,narcisse,-28.876535366697,-65.11201220256929,308.51016047009057
299,chloé,15.077361306955277,68.70960440581773,234.8161379215146
300,lysistrata,40.50967143854772,122.8958244775287,439.951859006071
301,aurore,17.243105079443676,69.19412316503355,350.2233527864299
302,luce,16.13159677036032,14.793500286693513,237.7133097048865
303,jeannot,37.724000615896465,118.0912836050423,95.7568156935758
304,cornelius,18.2854435061403,95.97123501649249,247.58578724968947
305,fernande,41.88685970807002,-76.52045061877143,124.6817737241928
306,denis,20.828434267728067,-100.38452981633773,91.39668035618669
307,monique,-9.521790281412438,11.602572243138427,129.31591991000968
308,lucile,2.5940245421673596,-18.743441350598545,238.67313654603805
309,john,41.176404355351885,124.0208157081619,82.41143942156985
310,esdras,30.376067852562556,48.34701171262702,106.54208819033838
311,proteus,36.680951408991156,122.24805768398592,170.8537112905465
312,flavia,35.24129959334785,113.61714224932572,214.96759110629708
313,jael,3.72593950759654,26.422608373204014,262.06850951517345
314,paulette,20.543411773452934,108.52491743240984,67.90648695491193
315,camillus,39.96098110278694,141.08211974610663,354.352459476956
316,anacletus,44.562295235709094,2.9531127454482635,35.60733552847718
317,abram,48.815394402281385,0.9852340347502304,40.12553611770075
318,titus,7.235052712105816,-74.63460271579532,81.72423106294525
319,florence,28.899547936567167,59.66178047287054,155.0349068881383
320,eunice,37.12374415590691,71.81662357218185,94.30885528236504
321,humbert,26.67694587956759,28.713265261815938,22.242418922414288
322,mehetabel,22.212922216648924,104.65315194263587,112.6568459062552
323,boniface,4.754063959634003,7.689652855491327,36.73996635024024
324,nikon,1.666825930388662,111.56687982603049,50.3613889797397
325,sapphira,21.817551625936446,-76.97434195163069,50.56152530110968
326,jairus,43.893277894237784,67.38841428882328,278.03618885194595
327,jean,28.379677336466482,34.91998677346132,355.40089695255654
328,théodore,28.562480452058725,115.29410229531979,58.113345641944605
329,octavius,34.357343360924034,122.43763635749636,344.15268238543587
330,caroline,38.613197285626384,-97.95698895669794,50.245525717468155
331,hippolyta,28.821373767351194,128.7950485043914,347.21236918650476
332,omri,55.65130161456136,8.685060207933217,195.14466000822267
333,buz,41.07865405753292,32.69928801233301,273.0582303768495
334,roselle,32.33974088373922,47.78509212301944,125.57062081269777
335,maia,13.576832748174047,103.67413808095249,186.7922705350406
336,theodora,-25.904276657263292,-45.84711046807579,109.65739690236188
337,asaf,-33.67007956749309,149.3467581120003,239.4756556637895
338,eurydice,34.54602809949135,79.15191772660575,58.0891293207972
339,angèle,15.408268417413874,-102.97304574410543,415.70199737632726
340,sergius,31.359778270940662,8.89972592885401,426.0274133449865
341,orpah,49.113504040918876,-82.47758622809607,154.27403962426365
342,aphrodite,24.920358727229424,89.44822533872146,92.8286085840927
343,susanna,33.17627644067588,109.86378771991308,216.1372528290866
344,onesimus,26.04036012709914,110.28239994327757,-15.650329832146955
345,mignon,32.057486957124766,143.13827174530743,471.69735871766966
346,azaria,10.067967288051355,101.51851406111243,178.61051927813068
347,jérôme,28.20210089556343,131.89358564374126,277.8839244551637
348,valéry,24.042344133659192,123.43894487699032,177.47405788343332
349,thaddeus,48.77716158782155,-126.5899407513962,263.4309861840004
350,halcyone,40.601794820941016,117.47424531455562,206.53205370874252
351,romain,30.509749444929955,77.30016139385498,211.78732593257038
352,morgaine,24.392986457204696,90.36339535138502,169.6892615203903
353,georgios,18.698428396778123,-96.48745551564625,84.88199160351019
354,michal,20.95239832490565,-90.12459481700998,78.18510442028821
355,aniketos,5.91338338366984,-83.85102816071984,46.833667324670586
356,georgine,19.791627533000856,121.69747607342654,524.0693132580662
357,barnabas,-22.082261461418426,-44.162641460097554,59.00128686171023
358,hyginus,11.556672263182003,-7.079516535633486,44.78968841072803
359,anselme,34.406005961361174,-111.28085649081595,83.40069697695523
360,vangelis,26.276943202414113,81.67391748527646,187.97225240647253
361,béatrice,41.06636226543604,108.5887149244373,80.45068136750322
362,abihu,56.91383950022091,-70.58116165307361,58.95276633834453
363,reuel,32.581961468656985,111.12790997243013,91.22227503185937
364,themis,-0.8710486611782139,138.03449958582888,329.23567032966463
365,thekla,36.84074162259153,28.618194078507067,190.84789680312446
366,augustus,41.70809364381057,-83.62565459956127,71.35692912393044
367,ramses,36.51646914519023,111.64390089391003,92.34982504669895
368,nathanael,-15.96730538369194,-43.630759223569875,158.66769088985214
369,tancred,15.98255311241531,73.34670743158901,264.43923040885835
370,raymond,12.819626049638664,5.96145942111351,75.73106779171934
371,sarai,45.68444154753012,-83.89070224072422,140.48026020780617
372,aesop,34.69881803146636,109.86684654071315,387.3486773963357
373,hillel,33.43447438861826,-125.0943597909373,204.90049672101853
374,grégoire,32.3297925439539,48.779092760996576,0.09696332387692408
375,valentine,23.8451731511245,-74.2897538994023,340.6940775322194
376,keren-happuch,22.449649956938647,76.86782058589331,165.29392685501358
377,liane,-15.5615366864487,22.970288408458398,192.1319720350048
378,lois,26.150519184389623,28.406211807662416,8.619437533101753
379,isabel,41.972619687127626,22.931223063299857,343.2342922625072
380,ozanne,5.107380829151895,132.66022658746144,200.41631772669766
381,israel,5.804315413710559,-1.7219101853492058,444.2472992518327
382,juliane,17.170917623460262,78.41398914330235,240.4755875689964
383,thucydides,9.585524640385174,77.95381523252794,293.8809604823731
384,rebecca,28.45126811673844,-106.12001787156476,270.2242552141686
385,photios,31.56476242399969,-92.13899808195434,125.45167877421491
386,timothée,-2.9953402654360604,-75.11543764780623,263.20492404295425
387,gerasimos,-11.344364835514552,-66.93522027507163,179.84909319026593
388,romaine,37.17103826385015,-93.35743440406517,34.18706815641684
389,joab,27.13058121172517,131.109467703704,34.54483807717095
390,evdokia,-16.941041904867976,52.435489731972694,52.03582232061024
391,despina,-26.414658774057177,151.32466423820932,289.87210808179964
392,phinehas,18.821183384835937,-18.079219162799248,145.4724162962573
393,océane,28.463092720342047,140.9764575004533,182.92256661295502
394,cassia,28.172802165108262,119.35647975202237,363.4177860871067
395,jezebel,31.552811949985912,55.451502048135275,315.00648385447755
396,aristotle,6.115055492342256,1.8745478958014201,302.1246124768574
397,xene,-21.344273444047115,-32.24682263577375,125.73500682050368
398,clarice,16.460206737245556,-97.06335516712278,208.0121112609993
399,eliphelet,21.05831159411006,78.52981879427239,276.8292898820144
400,isaias,22.935074299258282,43.4875212579662,349.1704927381302
401,feliciana,29.528008106663176,-98.49727738917657,310.6625304436124
402,avitus,30.41630126455567,114.13563232417522,50.62542813950854
403,zinovia,29.141170676054486,114.01537073014461,188.5766997006719
404,gershon,33.25791242630903,143.0477284005775,122.78847869325818
405,aurelius,26.099054204054728,-107.93588832299848,197.7605245090879
406,hákan,36.142779166110984,0.17388215550110547,241.433281552982
407,solomon,25.115133083992784,113.15952920890517,285.2126525099051
408,luke,26.835723022958252,78.11500400073415,84.17560188849671
409,panagiota,30.381495100104182,75.45778197614698,91.80354454805091
410,flavius,34.5509818938332,42.55492138749511,163.16192378381214
411,renard,-11.012611144214896,34.964789876543456,120.59761575419233
412,adino,21.239060501510632,77.42916807936703,388.426186368169
413,hestia,38.66710542171258,-74.68461152255257,253.46200494686207
414,hermokrates,26.572716261204565,87.2503874348207,203.40411964628748
415,pankratios,15.915134733004557,-88.1309657545041,89.49546389780721
416,tatienne,35.95147250856525,-4.340294658292509,105.98451932734937
417,evfemia,10.220495045618424,74.32751258238332,209.76224400722543
418,theodosius,30.921793687322385,-106.07837038153497,197.4075164777335
419,stamatis,37.056604891561626,-4.203713939919421,53.04868822531651
420,cesaire,-22.67788121810806,-43.90414824282223,264.0946302272484
421,sofia,-4.6772651348719165,-55.81742639241886,163.85691328106594
422,stamatios,-0.9256626490133567,108.07213839959431,204.2103486723864
423,antoine,31.294043688245324,129.14732083385096,127.2477308767061
424,gérald,38.7155105626712,-63.92812179043689,75.27704816756807
425,eutropia,41.89411209661152,-73.78935262414839,39.58085881388779
426,isaiah,28.573233945808614,-101.10930097740443,89.53078134664857
427,ariadne,32.206374600221615,74.59236489548663,176.91045874337735
428,parthenope,33.077490106917665,124.464385057004,15.716438207739927
429,septima,8.517632834105841,-102.95431805858448,252.43062169131792
430,kalliope,-12.08765415263755,-45.625301560088026,177.8432071971848
431,ourania,53.52388106935381,41.480389191333494,69.73958837378822
432,aeson,12.958613627849939,34.86309665120547,317.5444722924265
433,nicholas,34.352681601299224,131.76206792934886,174.14835618647254
434,abimael,27.24385991050228,49.182595764024654,115.71002824039593
435,ajax,16.591875365127585,105.74741079792283,121.55706774694809
436,bénédicte,39.46722790977997,109.31413903424162,409.0561908410095
437,abigail,23.709311119984136,83.03445509767046,77.65315278367684
438,évariste,28.45996385123059,44.378461592290435,135.57667495629656
439,psyche,12.14011575696975,-84.34207516856071,175.25365060541256
440,naphtali,20.553096103854497,123.36953824717395,175.89145574245998
441,gervaise,45.024962344302466,122.29760975773372,59.8005188619681
442,zopyros,31.75830771844988,97.14269727274383,211.78456330117479
443,léonne,14.480817437284347,108.92054586078184,95.9128240288316
444,ligeia,2.065810161923684,106.81476831969093,151.52518308339165
445,sheba,39.20194741618103,56.73264063853624,33.64775420267601
446,godelieve,16.360336542698736,-96.32785920690455,336.30890080073135
447,nikostratos,31.186445345440216,37.30613218435453,284.59312164317106
448,prometheus,24.63717578323537,90.70654865927942,273.66099602557813
449,fabien,42.64228857643781,118.3240299312861,333.97928661129697
450,aemilia,3.694404699650805,1.041932138081509,76.35889397452532
451,enosh,26.328112331432465,-3.751097139291077,184.32304260582575
452,sotirios,44.200963345261876,-78.29949726834055,173.26690970281618
453,nicolaos,3.775192744805133,36.14030723134603,87.91066939088695
454,blaise,42.32165291688909,-71.25346576368734,244.19508512931208
455,basmath,40.01465499576716,-81.64446905246648,201.45132267081897
456,clémence,23.545102801001775,-102.96328752219449,250.8721207896317
457,victoire,60.28269393726433,1.1254253254692215,47.84682968305529
458,antipater,1.1234121335822078,110.36501497129777,248.1519931835491
459,mahali,14.861620028861365,110.10711055866538,137.96038821799155
460,justin,38.12756591096607,10.806343642766624,188.7801399596251
461,théophile,39.36482052513779,116.07782769477231,79.23384847943929
462,hephaestus,42.48083301021985,134.98702931949168,412.6983600238816
463,peninnah,12.675886526409576,66.52684714523187,205.8920912713086
464,aimée,34.31852726646886,37.57167857502413,62.993626601768625
465,marguerite,20.23330060095322,104.35537904379241,66.27427162508808
466,andré,33.33538802758695,-94.51122399807683,43.17896269873292
467,evrard,31.612789193530407,121.54503154341852,195.5517504601036
468,gethsemane,10.717832974716723,76.90038789026634,439.2611404543873
469,ahab,39.13290109308544,110.42331447428276,253.9187744569178
470,yolande,-39.23286199393208,-61.410504621969814,382.1918858421512
471,tobiah,36.24667934739743,-80.31867997291013,56.71105103823605
472,alfsigr,15.967982206760812,78.65099339751862,35.28458711698168
473,eliud,28.413465940770667,50.029190275304025,292.4805419729032
474,despoina,28.566201086867995,97.1136776380203,260.87093192159347
475,luc,25.971189180114894,72.3554322683475,44.185161953411864
476,donat,36.42707451907161,-72.61216468628577,154.0431081484798
477,hector,13.276956737102605,82.98552554967544,100.08400437377475
478,beelzebub,-22.01775937951369,36.49647365833021,136.73579261405644
479,immanuel,16.453661420461103,30.631227223097255,64.80252172266037
480,thérèse,9.033013528210386,5.990122234221143,96.18605086790112
481,aikaterine,36.88007981231627,139.84784682715835,256.35240628556454
482,jeremiel,12.797490900852837,118.96413746967202,258.2063120797442
483,arienne,38.2075695108178,27.479179041112772,159.86186652760412
484,artemidoros,27.28969708955198,79.72923701506437,379.91148382654075
485,loup,5.311458235159372,-0.5431891896082137,237.43805471337282
486,hermes,21.442650309337758,35.07218986691375,136.806707296558
487,xenocrates,49.2465817059057,74.39348237995627,161.18760552506603
488,jeanine,19.945494981448064,-99.54586370733887,241.54550386369766
489,philotheos,37.647920596672535,-123.9116739157592,210.9935534962073
490,caius,30.887556412707,70.73942841212519,150.68380091069062
491,jeannine,-8.064453857590172,102.54931585325106,367.9274928758266
492,saturnina,-31.285934287322675,155.41856039499956,82.92658891943039
493,nicodemus,3.022741532413363,-69.78145420695336,95.06369339660377
494,christian,56.75326429552661,6.3633929211120845,335.9970994896211
495,corentin,34.234165439980984,116.12106484747996,75.56599263330244
496,bernard,35.676742341425886,50.31808794380153,143.89945335948184
497,hepzibah,38.33520836069492,130.8150033836124,201.68766280232484
498,xavier,33.835031713043136,117.62827403335064,150.24689055322136
499,esau,24.63296052620683,-102.5035075018299,85.24830551955547
500,eden,29.14367328734881,116.01394310997014,57.73446630171057
501,odette,-33.14824666071306,153.38092026673496,209.6321242473838
502,elisavet,4.277528176024072,4.8756977029900215,195.13941941944927
503,muriel,29.551496580946136,120.08202598780976,84.56980396230662
504,epaphras,22.777749517054065,-108.07450261173561,115.77089516357589
505,philippe,34.65045990851509,122.58177932322073,183.65894188258784
506,ares,-39.13603706389051,-77.89566911220048,250.6001677155374
507,horatius,12.812006036047771,78.65474226020083,258.01782720110975
508,célestine,4.459367980584442,89.26702498068381,135.15005276735596
509,mathilde,31.29663740279595,-86.45336543811395,127.70303850896187
510,léonie,-2.127791191671013,12.020527200975192,134.18176074540395
511,ivah,54.70304379253465,36.59885813475652,88.64873401881708
512,aegle,35.331542603196105,117.8647209080714,123.4800368682894
513,samson,3.8406099425391957,16.39580137140885,156.0158284434016
514,aurelia,34.53359835357222,45.970673095504885,251.65957086815934
515,marina,42.40827542286662,-77.00949059719122,160.82173756981703
516,aiolos,8.016616573365436,1.4938298287972687,185.66500602181242
517,sappho,45.73840722925212,-95.7206149188881,118.09226770376526
518,madai,30.82371076546863,136.71240964561508,41.15712479520869
519,marcel,30.728074027610116,117.35758411021543,315.5447228601611
520,archimedes,-28.67543762762896,-36.224438779228905,297.1128336792054
521,spyro,38.46418041475158,144.61087886589672,153.1686015589726
522,platon,47.1990267188773,30.920208265343543,23.672606432639547
523,abaddon,15.521185514802426,128.32268567542175,83.54787428258928
524,mnason,6.590262814431129,-18.35413334674907,215.35612799302712
525,elpis,18.69258923420056,-97.53273372113924,168.47009396398155
526,euthalia,0.22830905151900224,36.54245113806868,158.04887851192277
527,liviana,-30.322350288164643,29.56156894599389,312.6695625746776
528,ouranos,18.11311145927673,-104.39950883920861,213.9366998407349
529,zacchaeus,38.377372113471445,117.9843804236675,215.93734742292241
530,frédéric,29.012751045391195,100.07051761029157,159.88177156844824
531,raymonde,-17.212588906898606,-40.68479529555835,109.16359599437476
532,rémi,7.483750125826502,4.541689428596317,367.6385762923904
533,benjamine,35.90476541562957,37.52821966084648,88.96202590979811
534,roxanne,48.532571779595116,13.17405460360785,169.59792826725914
535,praxiteles,34.309582267188006,34.987493461393726,102.46295248975252
536,nicolette,16.671183187566136,74.72913166608339,332.0639506497635
537,valeria,3.7375115525977884,113.03270995594303,108.14136350691277
538,armelle,5.933934406824843,45.994109754917126,209.76834637906398
539,richard,44.427247631612055,116.56306565368267,203.88884057183054
540,dianne,-8.470479588843679,99.05080734526337,333.21609381389754
541,festus,27.497514912612946,-91.74302281041723,208.91304135660909
542,horace,17.396464907373684,76.70897610055009,28.89223673283015
543,odovacar,-0.7001436462346148,11.658729543060526,350.82880262652213
544,anaxagoras,-22.91201584574535,-51.26948327239688,132.36579179189067
545,mireille,27.695150035157464,-80.43625092434112,138.7105372356562
546,maximilienne,-17.957040409314757,-41.483805240567406,17.985246958921103
547,anicetus,28.14198159148417,115.39088282566587,175.2187851288092
548,atalanta,27.272004827828734,119.1896680032421,51.70073363952109
549,aude,21.47573552733194,65.09629552243196,233.85898151715583
550,adlai,33.90436667092634,128.98219882935402,360.87233976618023
551,jacinthe,18.45926536183912,111.16231542097356,125.50108221697408
552,sotiria,27.855183312951755,-89.35477411987044,193.16776919120352
553,jacques,29.078651638892783,138.94883305720194,251.7613429898318
554,job,40.24297253144274,121.7274686642835,245.50614214555026
555,eris,-2.2573918695832798,36.298141643120864,61.053025964222314
556,françois,36.964700370401175,117.0454752664202,105.7117656832234
557,jeremiah,34.10376409364615,131.03118953124692,274.6966092534468
558,danielle,30.622517768458582,118.90571102671232,322.89455979671476
559,nemesis,-4.247620325625261,108.33240814515194,78.0379724194684
560,doriane,1.8823347746251353,6.824568708559422,111.00955659425424
561,victor,4.650987176408826,107.23270902584814,199.36668696720423
562,clementine,22.26727532986818,67.06611157156728,281.03958222649857
563,josias,9.579493590697716,83.15851782716628,168.55675898106406
564,eleutherius,-5.523507974961615,37.827788509195834,106.64508998981012
565,phrixus,46.26007265402304,87.39166137906003,247.5864610502394
566,ishmael,41.156086311288405,-89.98275653117791,25.621170493592267
567,arethusa,7.323557144944633,33.8354150591594,97.10907087660136
568,diodorus,39.35597766095503,123.73184091671024,112.5944113210677
569,zenobia,16.28790925150487,109.93777726671227,246.82263932122788
570,corin,37.840564527457,113.99891994088375,196.2082165213068
571,leander,27.95880277570409,110.50790830817047,149.8730190184731
572,valérie,24.64626479487712,114.51025358157949,132.76756029116365
573,anastasie,3.3594792370610045,-74.91294011428829,-16.4775906716929
574,gabrielle,15.932077829771869,43.78781855674151,145.59057978794863
575,nicolas,19.037145339644383,65.92280222880906,71.3350507585389
576,severina,-23.418082410965056,13.731371561594598,291.3449212243259
577,tycho,28.094333511238275,45.65484097079026,239.17239368845026
578,peter,21.28673014683312,-77.41441186879395,144.19379194325083
579,flavie,50.965491544616306,-71.82248567148028,139.71678450548654
580,amal,31.977026034408503,133.48752104528035,290.57724274670625
581,faustus,13.846970838823237,7.433823364914425,107.93839017191817
582,terach,0.14211050293009833,132.51374342264367,7.013442492248217
583,selene,33.60250834098324,120.08972163802503,163.1315496773646
584,poseidon,9.108795707945694,111.72155385283025,293.64069486373916
585,hypatia,12.523246277342476,78.57659775261176,253.33052897922266
586,jericho,27.0996170563585,89.59681131810947,223.6955252890074
587,célestin,33.72501247425362,52.20214040251703,136.10111735039447
588,tutankhamon,16.475337606252936,74.69331426390178,207.24267935208084
589,jesus,40.986645891566205,126.63512002303877,205.35645536337336
590,claudius,42.06241154378448,-74.29582790565837,184.124012107408
591,adélaïde,8.530698729005639,15.314128270101177,172.05543571733364
592,lucrece,29.92204495511578,106.18972297313557,60.09292514695848
593,keturah,36.944000508609854,110.85900787531735,5.032370527542703
594,eleazar,33.82001939069959,111.69351718028159,73.94625625306
595,theodotus,-23.93886510962672,-57.07578751890525,128.24391753736532
596,eos,11.129534842741739,-67.63546945040996,157.98526172449544
597,pierrick,52.24951538323303,109.11801889652995,181.24129344154085
598,olivie,35.55879533842844,-3.2360381483267044,131.19481048902279
599,pythagoras,23.484568129785448,73.3920989176249,226.59093480967562
600,pericles,27.659335869817657,82.53137971675102,86.24250631791048
601,felicien,-30.139144608587287,-69.70783339451579,76.54228961186692
602,étienne,25.10092647456048,116.05271260037716,222.91017288960452
603,annette,35.65249637111638,76.30748077352769,179.78464856309884
604,aquila,52.02032911923134,-73.63332963503444,110.4865220202363
605,elnathan,-36.57116633754437,29.117696714369774,214.69751860766706
606,rufus,32.17980918849615,117.21794187987288,66.3977592424303
607,inès,27.917125300132227,121.84417197608026,138.61348687687493
608,argus,39.67995231340849,106.43113780417576,128.7080820753326
609,zephyr,11.366556065406513,112.4362990252312,275.09034769420816
610,ferdinand,-5.858173730049864,16.266977528151397,223.08845989853558
611,aoide,19.776970155222518,118.58362151188605,225.19671801328286
612,chantal,37.111424850710264,107.21893385319288,114.89878478556443
613,justus,35.72150476305043,144.33375237808556,188.54915630240518
614,evangelos,-3.66889075129614,106.81315782850086,122.74127094734763
615,thais,38.51209991767446,-78.19129033914254,206.08355662997656
616,oedipus,7.101729322996676,99.21987899919773,392.83070220055583
617,brigitte,49.58917222811489,83.60382067354584,90.01424640545571
618,chloe,16.029846987159182,-71.13539843927205,209.03444505295153
619,jordan,22.02551091136365,111.64217946368733,101.26382978624869
620,dominique,25.953511575310834,39.51967481803914,52.125610229686956
621,zilpah,28.283791250468273,44.17066367556554,236.982223610373
622,eve,28.502923170140754,102.37458509452433,213.12050056064018
623,rameses,27.717212570565586,77.8070497918283,239.4906573664914
624,anargyros,-24.49171314157293,-42.24994077347727,163.96370468222614
625,bernardine,19.448491600865932,88.47462254616028,227.96015680723383
626,glykeria,3.7101116889134316,100.08134577008,183.85461585319732
627,servius,24.12927760969398,121.90364451153177,83.92107381154474
628,gabriel,28.464075126218,106.70326007404148,131.7332795259741
629,stathis,30.312918084813774,-104.678171569948,191.79757367642122
630,joses,5.922272900084228,123.36823401155426,156.63210448219868
631,régine,34.53557994228426,117.22642330466881,138.58707261419815
632,eustathios,32.62653368228418,-90.87403834735942,210.65510887684601
633,léandre,-4.871841995685805,31.917751891520737,50.83661640927451
634,nikoleta,49.000517464414514,1.6273943050647102,157.438421865284
635,yves,22.324546843413614,75.25661620208822,264.37195961418325
636,violette,22.689926027497613,113.20024273621696,150.86608077813716
637,zosimus,34.87384736447435,44.64772507712935,113.63661233378127
638,gaetane,-28.671550846213282,-43.045123273480755,141.32209126038953
639,eli,33.013518970570864,74.46287892775938,130.4917869252322
640,jason,31.55804920429525,140.97089035224602,216.71962904460182
641,myron,-15.786484240634856,27.723329095947246,13.293112529699641
642,michèle,-13.29772361174568,-46.73499707256701,197.5777730306713
643,odysseus,58.06882598947671,91.92059159647252,70.87492406936576
644,brennus,16.56731421530941,88.57698099279676,171.07746467212112
645,sophia,35.2410291579082,48.79176347784228,209.52492743249064
646,eumelia,29.09777022836786,119.54571696570937,162.3017128835503
647,ragnborg,15.861111437922762,-92.18939944719295,286.0121881636042
648,georges,26.558332468068198,78.06860866111649,257.150478196894
649,kleitos,12.187963731261885,-91.98799115614294,232.1649698997693
650,carole,10.52530670092314,105.63208633055942,8.94485586296421
651,thanatos,57.50364428412982,-8.017499621619203,119.78798354783578
652,cletus,12.085896973076197,100.57200691373443,258.35633503384133
653,anastasia,35.0790566389866,-121.42222451033625,239.59584634077436
654,cassius,13.059150158471395,103.7980908868168,31.765076858332122
655,marthe,32.20386797156255,68.13679355656684,114.49327454464805
656,rainier,26.02436016645513,78.36107088423239,283.7828337644876
657,plato,29.14000027440216,51.068724611540794,152.14768533288714
658,joseph,13.566109999052859,108.71089663433084,324.3891966277409
659,irene,-7.167855983220818,-44.07804902469363,27.807220900681102
660,cleisthenes,4.247674937035732,7.591004765498482,342.27268568172565
661,simon,18.948945648610916,84.17413669587181,235.11572787615
662,adolphe,34.33989802874687,48.702044295159,161.348173717034
663,aella,36.6430358660222,-74.17474920437861,344.6778043888763
664,véronique,3.047281362864426,33.01745018701114,146.97360487077697
665,spurius,7.722037578240375,99.55463225128423,134.66819804091267
666,photine,48.453812885521245,7.549888687616944,142.22566995747098
667,eutychius,41.70759442882753,9.646232002024789,68.54628682539102
668,imhotep,27.729407810531487,123.91572907891914,161.95273848708217
669,édith,-21.09280817978799,-50.286968284505704,205.28851029144863
670,tryphena,52.30624961507693,28.15261342812007,195.14760116142733
671,alcaeus,33.99533612151086,115.76178139281735,52.177552987809705
672,athanasius,19.379514915416124,126.19137807068067,45.28615809944476
673,laurence,30.430540183508388,132.7830907442846,41.388853256046474
674,patroclus,44.80233435897138,119.0336429541076,268.89324976579866
675,nikolas,46.84192632831692,68.5929377660369,126.79534678474755
676,rémy,-24.19912983748896,-76.28782353517283,294.407104691027
677,petros,-7.20481490314484,110.08658182949621,235.02601764188097
678,leda,17.378648673835723,112.60883980950254,225.0819990042315
679,deborah,-31.187870776101338,-55.90774057778987,129.17635104043308
680,jocasta,-29.907251424435294,23.016244292954607,409.9711567711964
681,noelle,-14.02916076840598,11.633729366065891,119.17409141176583
682,lucas,-5.738278016141318,120.16285422648913,118.65329514412875
683,julie,6.905249945264493,78.01952609332581,48.34990384467211
684,anatolius,-25.429670508016205,-49.624276013741984,187.1979324237836
685,olivier,41.27841504210392,-91.2750977282887,38.19161180853142
686,moriah,29.195542005925052,90.67996445923526,213.90988268365496
687,azubah,28.25791855364036,54.7052878588651,137.17596708498795
688,jehiel,34.50234699570803,35.69794253005094,160.5136493868555
689,florette,63.997288117967244,23.501388877958718,60.06893912306428
690,mark,-25.708910905483208,-47.20430821139379,242.16102989605332
691,luciana,38.275814096473674,122.50968117260025,46.24436870097695
692,jabin,29.42742924898216,45.91189203488472,210.1240739517691
693,althea,23.800221787078947,79.91606426319754,181.7443681304295
694,chanté,8.51609402639539,97.77025543448163,79.72374753068526
695,hecate,33.49175632662162,115.31886002340961,135.2154817631348
696,clytia,36.30713771160334,-115.16882401717412,30.92825433293119
697,lamech,34.033712093195774,52.1863795970742,97.33489805560944
698,constantina,37.020169610863874,123.15022035681216,609.6293878914566
699,firmin,-3.9490510240446306,103.3402319877029,139.66409264610988
700,reine,24.039869298477615,95.80320199029283,128.90966171950734
701,alexandrie,49.07459681306074,16.622942930392664,122.57006076476131
702,baruch,14.653008962622959,72.50360663755255,171.89157811013692
703,talitha,39.46719085776313,63.35309087219057,165.18816780103597
704,charalampos,23.23230225170269,80.78697975040623,95.19839136530145
705,donatien,17.887839550145767,-8.832824335064242,-1.9329499410362274
706,euphemia,10.563987145732623,3.593964956882553,177.69629093064702
707,heracleitus,49.92912034971698,18.656227376486584,75.6885089729588
708,benaiah,36.092889538510114,-116.71714041190484,174.39303727599238
709,jedidiah,45.563998919883524,32.50706422831836,65.67891991290414
710,chrysanthe,-21.258322238446972,-50.060896021776514,159.6341749128962
711,zacharie,53.38996426498184,-100.00984539472968,158.9147822308474
712,victoria,37.75120274459949,112.35219249408742,111.97443500564404
713,gallus,-10.598122806108664,18.131217015347215,160.93967901936904
714,euterpe,20.840902468170597,93.56764877125671,92.11644799037612
715,antigonus,25.902847104916503,86.73244577788807,107.85858344465856
716,heber,15.48585779289875,78.1163395463839,159.07356792203106
717,germaine,35.40228117908759,111.61636131979614,105.75015589052617
718,theron,39.651115630618385,136.17704381310887,297.7204381608946
719,alexius,-16.624416363908686,-50.67768901726275,22.1968414744155
720,jotham,32.90137497399657,80.48377182999822,32.693748931331925
721,constant,7.21700398601864,-73.09626991406378,86.61078232382313
722,amalthea,33.207922877409516,114.28839894720001,140.8802564274529
723,demeter,35.79009826935028,70.64997033362596,274.85685434776906
724,neoptolemus,-27.67879483476385,-50.40550364727117,127.8488551672151
725,zosimos,20.316069319874902,74.18904605979769,248.97541049855977
726,adrastos,35.346092112048005,115.78634053480666,156.51421762052038
727,patrice,46.37473533984564,6.9973134259740375,137.920111969866
728,elijah,-9.31673366397565,114.47177635379595,46.03521285192757
729,ghislaine,7.345295541240655,9.50484292121711,33.40471869827435
730,athanas,50.552820087563966,13.855773800672816,172.4034741986183
731,marcelle,31.219973021012514,115.87579382596297,223.47450159807136
732,hélène,15.211022247200239,0.6738235033559693,270.78765096235276
733,antoinette,31.605941397643033,33.539710144157645,55.94925758830439
734,axelle,33.06324353377038,136.27472697828273,167.03703539969052
735,agnès,-32.461343342233405,-50.41374959676588,283.2181979985029
736,zipporah,-27.783169784698448,-52.3071988757315,45.604081887994695
737,hrafn,34.57205568616959,39.91252025791635,246.75598271370836
738,perseus,25.158082272235248,67.53546326658923,54.73235528402401
739,bernice,19.97180371816433,-13.873066436251891,135.4225603159259
740,danaë,14.107114956200151,115.87829570571712,113.22861333675286
741,atarah,30.406396753427455,-83.1146352121076,245.04919144092048
742,kallikrates,-0.03907209109574567,77.32337644085784,80.68709381840762
743,mariana,30.082654783646383,116.16990195287198,196.01855282049942
744,tullia,12.000525929852321,103.0838539138105,166.03316933021046
745,theophila,8.257381128243063,116.92438157034663,175.62262309282988
746,euthymius,22.30826761535265,91.97747168606261,-5.411774594066703
747,barbara,18.280504008445465,-89.41464504905257,38.738331181718195
748,nikias,32.67318806007499,140.47100230924005,172.04211203104978
749,ethan,-2.9145335515719872,12.052488799208334,224.63208306958265
750,abednego,12.872472175360283,-99.75468974648216,169.8646065937213
751,joshua,45.52196073231324,121.31286422912031,531.703308671921
752,salome,34.79696816974247,134.05305074766542,90.48047182341332
753,silas,47.051199055972184,-75.25501436260213,115.42634044075663
754,yannick,19.686749362767895,123.96573689118328,14.707553847132296
755,phoebus,34.43495457305137,-104.99594667551845,22.848731647681454
756,martine,23.896347584961685,106.25391300978373,232.79853031761513
757,julia,-30.637012675607554,32.277453805082615,123.99729011333031
758,modestine,21.60972508957834,86.31478130644926,246.2049437105282
759,mattithyahu,45.126896912147686,-86.98870319026439,236.86438021867275
760,manasses,34.12387644971834,38.69510361555421,275.9037960386264
761,adèle,29.298848893163992,-97.67764301906337,159.04133073002788
762,syntyche,38.7622420750242,120.08183738954465,74.02600000963496
763,zebulon,38.297487706413804,147.29549290645045,141.05728149600185
764,élodie,31.67898762563329,38.05960684794238,90.72636243631439
765,kassandra,26.900839304235113,50.89819501679796,373.25987857496193
766,félicie,13.28511468638894,74.8343361623532,124.16138551745132
767,zalmon,11.137607623889338,7.160780435609041,232.29884657503658
768,christianne,3.9188991888069307,4.420002581601789,138.00704660136637
769,priscilla,6.304358216421249,106.2460289153113,112.01661572937877
770,papillion,-25.523339058536845,23.151354082429414,117.35707978543178
771,ermenegilde,17.416973326306113,113.00215578364475,131.78434142631102
772,diodore,9.77880219053926,4.646753280563472,326.3864419848022
773,nathaniel,8.207364474628868,8.089364624683213,-6.255359663957421
774,pascale,39.24355941298732,-111.44535734612326,70.14213240393224
775,éliane,46.57867072058915,1.2471329171048577,82.55155296687016
776,rodolphe,34.60865718424823,114.0302574263783,27.07639589201098
777,albertine,28.35171512250194,116.16686968990192,29.752639745793445
778,hengist,55.03918390731019,62.70005495809119,316.5472403692891
779,matthew,18.676097736076414,-93.79894162830843,145.19785947922531
780,septimus,-4.947313138827027,27.283344148807288,187.21576768895815
781,tacita,26.659924184781467,114.99678438851507,171.15778761840875
782,nefertiti,19.708560642848603,78.03756669141308,64.67678992387395
783,rosemonde,15.256543180109515,-73.3271990960009,232.29634147565912
784,melaina,-9.751556177210299,-23.027266595829104,144.8535085617596
785,modeste,24.6859960009246,70.86437614655357,143.54232387832687
786,lefteris,-40.44895037247046,18.92136793923014,70.73399607985382
787,magdalene,38.49175917006778,18.87036677191504,75.61489265763501
788,jehoshaphat,50.79264762147189,12.507204895258509,105.40462836497139
789,helah,37.32189387138455,104.44568599244026,272.30933227833225
790,alphonse,-16.512142871058913,-47.099661491399544,43.259938387182046
791,cassiopeia,37.0651268804924,124.54496144137705,98.41710429590293
792,nikodemos,30.308101221813914,33.81002078389588,154.50824470058114
793,diomedes,17.640658695286117,83.40802178423786,147.73664435880883
794,hades,39.488715301222214,-4.586666971701252,273.23843936021007
795,spiros,-14.752972663609702,33.722599411257,242.53752057503175
796,mahalah,38.28099426465017,117.48069655576205,243.49715575368418
797,menes,21.522541611529377,112.1979955713908,324.1669952225486
798,lucienne,-2.995046319875006,17.80189249014191,198.06002035092584
799,adrasteia,37.302406155596884,-115.07366968888931,47.3698247084549
800,eric,40.959462970119795,-103.52297066489776,276.1659017431246
801,ephraim,42.43974154433728,120.12425510305289,38.966715261012624
802,akakios,4.384988677534982,101.87451439223823,41.00426933734289
803,jolie,46.251462085636696,119.32148169377193,164.28094638078872
804,joel,48.45644524675072,119.89152962313793,234.11248469733994
805,ninette,27.119029522783062,115.40539202904228,230.34440104317815
806,carpus,41.59576737557346,112.04620991860342,137.27425485063785
807,maximus,11.210099054746161,-3.2010037334200843,209.84949147908577
808,amenhotep,35.27724152007186,111.22557637826043,95.6055640722329
809,hero,31.218907578126533,117.93994584415316,229.44795109153966
810,iacchus,-6.97363405103312,117.31302096125957,105.34186934721083
811,myriam,30.070339973230563,118.22340148531205,121.84672621992817
812,nikomedes,39.5840479686552,70.19768647307053,349.318780295144
813,teman,51.95748019663023,3.896894547606603,272.0340700140542
814,hebe,31.443133014694645,112.22368376643742,57.20624159893137
815,ioannis,6.159934695787311,10.871495873741035,135.34257576634215
816,herodotus,43.80655923537519,2.802160714320186,166.32006535892407
817,damaris,22.961368105950527,117.92467089485831,218.1847494225756
818,gus,5.187247967144816,-61.7080907833603,15.681120397035748
819,esaias,-32.88158411630519,151.6546066915052,255.36393914840346
820,dorotheos,3.115610413651569,9.221424648308204,593.0021593575892
821,abner,25.546562140649925,104.73408372148342,139.18414930682985
822,rhoda,48.50667489189741,122.76508356182272,55.4443688783027
823,esmé,43.77989599225638,118.61445341381584,255.81406114900386
824,victorine,35.7504140800683,136.5735314601825,135.77434585642558
825,nyx,15.321727468120324,102.53540739053258,90.9902139195828
826,marianne,5.13826718715408,3.475101800516561,85.34412967282573
827,zacharias,36.507333425258636,-125.65105256107393,354.04828750952305
828,evaristus,40.1473793012991,113.88919460027755,174.5070970346594
829,noella,1.1430000951806252,100.46531577754281,44.679875049790866
830,timothea,12.96868592772218,88.54781696331129,110.76651504115895
831,harmonia,22.227704414675213,-153.98747028001097,51.320813784713465
832,gwrtheyrn,21.240620356826362,-77.25134724744034,189.2023304457681
833,patrick,55.841134548151096,-3.844694838905623,157.75984523310356
834,laurentine,39.71192013553447,-72.03094538017791,172.29426663225306
835,zeus,31.932728395555966,111.3413865904236,152.79902435972983
836,þórdís,-31.41125308705799,-60.75363415326343,84.04316365061094
837,abel,6.992538347987257,-3.176241878347886,173.79656738030963
838,secundus,28.882519675267172,120.38747232434297,145.44806443564138
839,androcles,38.639201504159416,120.60633589097542,56.90514704116681
840,gervais,-28.761106331574233,-54.69005334217261,135.84837372936784
841,zoë,-34.80298523565474,-173.90879760199243,130.35906750088245
842,astraea,11.487217129868577,31.201878021685648,179.93839801793715
843,diodotus,-22.091689116719408,-66.89151992209187,134.29284393686663
844,enos,-23.14946852595929,-44.42433979319768,171.46477003841557
845,anastasius,43.969609282672195,1.7936915927100845,187.49570368465072
846,emmanouil,20.60632764164213,85.33469782840433,366.4440607799304
847,mirabelle,27.4458897725236,-110.56512933069926,15.17993281993838
848,simeon,30.284206628628606,81.816882027092,182.90960051437327
849,lisette,43.1811436226627,-86.82954357266476,306.55570883164046
850,hyacinthe,36.02139480869543,-80.36941407023195,182.81625981406722
851,charles,54.12871429584046,12.561004598840315,187.03054885912258
852,asher,36.955267049712695,33.25815011390178,229.9034683750187
853,hilaria,12.89366169027773,11.210682357683082,70.7591361003089
854,jephtha,-30.14956038597883,-46.74131075984279,132.65912959172564
855,lunete,24.770297558811762,118.11909629122576,170.43557483119295
856,fortunata,28.86215318629708,-106.11588297888562,148.34975098086917
857,agamemnon,38.280614425670144,-119.2683253468748,145.79804319108607
858,rhea,57.26236126410666,54.54914634774923,220.34825545236018
859,christine,10.374784496509102,-75.47728234300105,84.73508199406976
860,hippolyte,43.80738283597787,-69.34680826002345,286.48754465982176
861,shiphrah,-41.568151915950565,-58.60244659564977,134.4149885965489
862,clément,21.972323746902127,86.11257291887347,9.332338585879754
863,pamphilos,-0.8836875752622069,-8.352732628749381,319.02664404558357
864,victorius,39.74932002981331,68.69802575700591,190.07797360557268
865,primitiva,34.11374804731287,113.70898090864421,251.6583366187387
866,arnaud,46.44611472435925,5.8214292726493815,329.1312480561246
867,thomas,25.420295227578055,110.83718873261711,93.830863130516
868,naamah,-12.542916685965132,-31.30013286931269,179.78864105653764
869,uzziah,31.35993831608386,44.36605336974559,60.80706633320352
870,evander,48.96340292936042,45.76467726007828,425.51527440818893
871,régis,38.704289789901985,118.41186788884453,203.74188894717034
872,ismene,34.81169965233489,122.38289403723572,338.793632049643
873,mehitabel,11.995932757724436,9.927507452119622,147.97575479942037
874,daedalus,12.674261003370823,83.96527427374312,75.37825700878038
875,silvia,20.877459849205362,65.43999654109315,47.61416317217602
876,antigone,36.78492043604755,35.269849718242,135.2172753206263
877,nike,-41.60313654820777,143.9743741006497,342.1876700492746
878,jephthah,13.352219892701363,71.91804691392029,68.09962470034547
879,auguste,32.48509970182706,-111.8472296203471,185.11602730800354
880,persis,7.452329548654278,82.37030473371793,258.6608194081732
881,nathan,-11.516535897688716,-32.39364435400139,-12.151879647089434
882,maurus,28.42132203131409,36.59400280077696,48.740233568168236
883,pascaline,-22.79989793900995,46.739601553640014,148.30761007368238
884,phineas,34.55060133400343,-116.06555920251922,97.50775931202863
885,marin,-5.63146649289587,41.04557304005992,501.35659191437276
886,eugène,21.911276851129387,89.14151575737837,166.85330403575176
887,joël,1.566995387882996,105.12887289886667,-23.979713198892917
888,éloise,30.7741041704337,111.12844978840207,367.43657717191826
889,rahab,42.997332734861615,133.84961923438726,79.83373935113426
890,jacqueline,-13.788164881992028,14.577507014499002,214.82071303762427
891,ariston,28.53130903218691,118.43711080051843,293.0429115165592
892,kyros,30.33895788434839,-69.1272534953361,94.99388123784829
893,pyrrhus,5.80392841689563,35.89207666857157,205.0583790540798
894,azariah,40.092821027274354,113.24962741580475,215.9330222850717
895,isidore,34.36715077309542,38.91899330811884,166.7310133997864
896,vespasien,-2.173136258382662,30.54506341207119,110.97563281012683
897,noah,13.128958413011404,79.2457026711434,241.55331373936156
898,edna,34.465780362751126,120.64612897390919,253.75045604250886
899,gratien,24.689608083386606,118.63254123367321,316.5566109092266
900,persephone,-56.24547787241966,103.91669657267202,51.36044454922278
901,kyriaki,34.8897901010256,72.4349318355843,124.17119659780673
902,delilah,-35.06668239609439,148.0668826340002,317.4236744472938
903,paramonos,-36.31252810347142,150.01150303309268,129.4279295133635
904,martin,-3.6454292182772394,199.2610358255646,239.3863102871788
905,brutus,-13.057447185259809,277.3066260942097,264.2368575549881
906,abiah,68.39869555109603,320.6838377658229,193.9888576935518
907,antiope,-48.798931166866375,50.54336938709473,154.95201384387227
908,laurentius,40.62211728066824,37.01417057167499,212.98607238675612
909,roch,-30.663689496478487,118.19082606505759,118.47968758420703
910,jerusha,37.3865080968799,92.7722734177524,-14.96576677833666
911,paule,-21.152307647740336,134.3481594886925,130.03272971716157
912,jeannette,-20.608937191358685,328.87862948512634,161.33330430240966
913,thales,-47.74946294412839,334.79400803402956,159.5370217942447
914,zechariah,12.154355115200632,307.5312855442425,353.8973572136955
915,sévérine,5.249666914003167,15.590146740340295,137.34822017262437
916,joanna,-47.66800585580487,110.1313188801018,119.44097339309053
917,herakles,-52.06805350172706,189.9534813158424,181.59977050305966
918,philippa,24.931886909814953,260.9087803798007,177.1888201838299
919,honorine,-9.970168111802906,173.1809915212701,124.9672342293614
920,jules,-67.85328621519507,334.0119573391425,195.77469429216302
921,rosalie,-24.697353305379963,59.59412813774382,238.69865320429972
922,archelaus,24.36743260855639,286.0305658063958,349.74378422210776
923,james,5.155155155203492,311.0740294711228,246.91106598089652
924,stígandr,-5.147781293234331,98.4400153162787,138.85192853197762
925,hadassah,9.06473088495893,281.8242750996568,175.74161492067526
926,micajah,32.47840691857368,160.68021365778515,25.215364968575898
927,michael,20.349477458785895,14.922122015882552,212.6666863150039
928,georgette,-51.89105284798153,335.0087829151969,15.29792401093249
929,marcellette,35.92400585211232,108.55772115235091,140.52947812207017
930,kallisto,11.849071150262887,318.4861899450869,159.01359813699017
931,jedidah,3.810803429288409,255.69619722966038,202.52545358251274
932,albert,-15.320282676135259,240.36238344103356,148.4003064715898
933,onesime,27.39116816564096,339.25383249534866,142.87556899596424
934,timaeus,9.474204404983958,246.0536364260841,171.59796400284526
935,rufina,-16.909588497904807,32.73392702321684,120.52203385670529
936,spyros,-12.167822765910211,300.542856569288,80.92830706288301
937,eirene,41.526246623948715,165.5993442057438,283.69890369554605
938,giselle,-39.08250458800209,15.728721787775827,162.9878552918497
939,dinah,-0.53914342708496,330.93494305478043,104.13318207859018
940,catherine,28.967761128745202,351.4109503485898,121.80457305557596
941,abraham,47.296372545537295,284.6409722833016,300.26616951371983
942,philokrates,-59.62032416969663,31.13216077544983,269.9299518186745
943,xenophon,-40.08055003382076,97.25873275860918,38.36027134755122
944,nadine,31.992120827038534,210.25496769942063,142.1245380145426
945,methuselah,24.444912705168832,247.64195709157661,-9.489710678137254
946,meshullam,28.059463849333753,186.74473320891164,100.72180922497353
947,areli,3.6856908890602678,63.67104185341898,382.03201513857397
948,renée,-22.998040517132868,70.10857561445232,433.43527843251826
949,penelope,-49.781531481494916,253.97695482761014,36.99993926235017
950,rodolph,-22.442349098888826,44.661858203094965,44.415599531485995
951,jeremy,-0.6677907595421753,70.92899271884303,208.04089354647834
952,lazare,7.166000026088699,238.9379923994741,238.7410525023859
953,carolus,-2.2845491618135667,241.58700490612614,117.99854716585975
954,sidonius,16.547126706028983,255.3951261053492,56.32095848158953
955,nahum,-33.45915301468213,252.42494536565826,302.18192548034403
956,chryseis,-10.153830491135471,53.305073710915906,81.74703631339531
957,calliope,-50.0061370825217,303.0699121666733,8.556063196063818
958,aristodemos,65.83821461064286,178.43648853565935,88.89198898124992
959,þórbjörn,18.75542120208453,85.19427947398823,99.26290002350927
960,leah,39.262930885782836,306.0234840762011,101.46658892509109
961,guillaume,39.77398984873191,75.9613314976366,-8.122842685057854
962,evstathios,-12.683771728038128,281.16064198663145,48.37281032851199
963,lucilla,-0.5213041864226458,294.1555591419255,5.449735061318755
964,nethaniah,-69.12687673318278,82.50172589035341,106.1657743606527
965,felicia,-31.39056395684333,78.5388538486898,43.1592109027649
966,clio,-37.4182530310641,197.68807291183975,92.5355614404575
967,noémie,-62.78959355305554,312.5293956446065,322.8032738511189
968,gaspard,-1.6143204737120889,253.71404184989115,198.96234243557063
969,boadicea,-51.537664265917435,317.00158193154135,269.34807089239547
970,konstantinos,15.841064333177783,59.4950653447869,100.85641215733165
971,hera,60.50499689864075,57.21111110352984,54.64082439501401
972,henri,56.07247221229428,169.47658714775852,326.37186471153217
973,ophrah,-41.677770401432156,106.07228700182232,145.14600722623243
974,jonah,-21.715156330580328,325.74916824336196,83.12817355144745
975,josèphe,-29.685698385458856,343.28214100836584,44.35774236907851
976,pelagia,-24.806608265593102,15.133297756529252,251.47328387165993
977,cain,-47.591472967590825,242.9521042953638,282.40254001123816
978,decima,70.40004885203196,18.14508342349112,68.57247455348337
979,kenan,15.149421271604067,137.47121971540196,231.7560507212164
980,valerius,1.5124290744736588,48.41171518702273,164.7809877566024
981,camille,19.574131553800353,120.61854128680667,254.90763707740587
982,anan,49.45171290085271,200.05111729402287,89.11441422044193
983,aphrodisios,-54.72013886192836,282.42132935365026,110.18791910037862
984,nina,9.520001329132233,317.67830219511376,199.7557985330561
985,didier,29.50901765222301,10.187539571584043,172.7804703299883
986,melete,-29.06454093049979,298.38831731046275,124.43609386078947
987,ireneus,-11.443549060269618,309.99004184143666,59.185062096505746
988,menahem,-34.06127431208702,350.20549824523,356.67737030486495
989,eran,38.919187143169864,48.56986842427329,124.80688558284814
990,calypso,6.020803337630218,120.0105645143414,114.02823563986661
991,gad,-49.091663777216276,210.58891822715592,74.71884887910032
992,jean-marie,44.18518661895607,151.44302468868807,-11.475237581183592
993,désiré,-1.385893088461469,185.84010514902167,32.78191408567403
994,havilah,37.44364521454614,239.34163422708136,359.43559552446294
995,fulvia,-9.821451314230659,96.24375073306452,179.50174968170435
996,andreas,10.617228465278119,215.45527685983453,66.52888714915268
997,stéphanie,-63.70298895793193,46.48026623719827,269.20693210424577
998,yochanan,60.43087400247335,319.30753773587173,51.871738114692405
999,aimé,-31.526058671440726,342.0832038615889,223.6372157595921
